CL_INT	PID	RPN	SITE	RDATE	SITE2	Q1	Q2	Q3	Q3A	Q3B	Q3C	Q3D	Q3E	Q3F_SP	Q3F	Q4	Q4_SP	Q5	Q5_SP	Q6	Q6_SP	Q7A	Q7B	Q7C	Q7D	Q7E	Q7F	Q7G	Q7H	Q7I	Q7J	Q7K	Q8	Q8A_1	Q8B	Q8C	Q8C_SP	Q8D	Q8D_SP	Q8E	Q9A	Q9B	Q9B_1	Q9C	Q9D	Q9E	Q9F	Q9G	Q9H	Q10A	Q10B	Q10C	Q11A	Q11B_1	Q11B_2	Q11C	Q11D	Q11E	Q11F	Q11G	Q11H	Q12A	Q12B	Q12C	Q12D	Q12E	Q12F	Q12G	Q12H	Q12I	Q12J	Q12K	Q12L_SP	Q12L	Q13A	Q13B	Q13C	Q13D	Q13E	Q13F	Q13G	Q13G_SP	Q14A	Q14B	Q14C	Q14D	TIME_STA	BATCHNO	REV_DATE	COMMIT_DATE	Q8A_2	Q8A_3	Q8A_4	Comments
MSF	1	41351	210002	09/17/2009	5	1	09/07/2009	0								0		0		0		1	0	0	0	0	0	0	0	0	0	0	0								1	1	2	0	0	0	1	0	2				256	5	2	4	0	0	0	0	0	1													1								0	1	1	1	11/11/2010 10:05:48 AM	2835	09/03/2009	11/11/2010				
MSF	1	41351	210002	10/21/2009	5	2	10/14/2009	0								1	PENICILLIN - STREP THROAT	0		0		1	0	0	0	0	0	0	0	0	0	0	1	1	1	5	PINK	1		1	1	0		0	0	0	1		2				256	5	2	5.8	0	1	0	0	0	1													1									0	0	0	11/11/2010 10:08:07 AM	2837	09/03/2009	11/11/2010				
MSF	1	41351	210002	11/19/2009	5	3	11/12/2009	0								0		0		0		1	0	0	0	0	0	0	0	0	0	0	1		1	2		2		1	1	0		0	0	0	1	0					255	5	2	4	0	0	0	0	0	1													1									0	0	0	11/11/2010 01:48:33 PM	2842	09/03/2009	11/11/2010			4	
MSF	2	41351	210002	10/20/2009	5	2		0								0		0		1	VYTORIN, METFORMIN, ASA, OMEGA3	1	0	0	0	0	0	0	0	0	0	0	1	1	1	2		2		1													204	5	6	4	0	0	0	0	0	1													1									0	0	0	11/11/2010 03:16:20 PM	36993	09/03/2009	11/11/2010				
MSF	2	41351	210002	12/01/2009	5	3		0								0		0		1	GLUCOPHAGE VYTORIN	1	0	0	0	0	0	0	0	0	0	0	1	1	1	2		1		1													205	5	6	4.4	0	1	0	0	0	1													1									0	0	0	11/11/2010 03:19:36 PM	36995	09/03/2009	11/11/2010				
MSF	2	41351	210002	09/18/2009	5	1		0								0		0		1	VYTORIN, METFORMIN, OMEGA 3, A	1	0	0	0	0	0	0	0	0	0	0	0																				210	5	6	4	0	0	0	0	0	1													1								0	1	1	1	11/11/2010 03:58:00 PM	2846	09/03/2009	11/11/2010				
MSF	3	41351	210002	11/16/2009	5	4	11/04/2009	1					1			0		0		1	YAZ																													55	55	55				5.8	1		1	0	0			1												1								0	0	0	12/01/2010 04:07:56 PM		11/15/2010	12/01/2010				
MSF	3	41351	210002	11/23/2009	5	3	11/04/2009	0								1	METRONIDAZOLE	0		1	YAZ	1	0	0	0	0	0	0	0	0	0	0	1	1	1	2		2		2	1	0		0	0	0	1	0		55	55	55	133	5	3	4.4	0	0	0	0	0	1													1									0	0	0	12/01/2010 04:09:53 PM		11/15/2010	12/01/2010			4	
MLM	3	41351	210002	09/18/2009	5	1	09/13/2009	0								0		0		1	BIRTH CONTROL PILLS AND ZOLOFT	1											0								1	0		0	0	0		0		55	55	55	124	5	3	4.7	0		0	0	0	1													1								0	1	1	1	12/01/2010 03:53:54 PM		11/15/2010	12/01/2010				
MSF	3	41351	210002	09/25/2009	5	4	09/13/2009	1	1				1			0		0		1	YAZ																													55	55	55					1		1	0	0			1												1								0	0	0	12/01/2010 03:57:46 PM		11/15/2010	12/01/2010				
MSF	3	41351	210002	10/21/2009	5	2	11/10/2009	0								1	METRONIAZOLE	0		1	YAZ	1	0	0	0	0	0	0	0	0	0	0	0								1	0		0	0	0	1	0		55	55	55	133	5	3	4.4	0	0	0	0	0	1													1									0	0	0	12/01/2010 04:02:51 PM		11/15/2010	12/01/2010				
MLM	4	41351	210002	09/21/2009	5	1	08/30/2009	0								0		0		0		1	0	0	0	0	0	0	0	0	0	0	0								1	0		0	0	0	1	0		55	55	55	158	5	9	4.4	0	0	0	0	0	1													1								0	1	1	1	12/02/2010 10:18:11 AM		11/15/2010	12/02/2010				
MSF	4	41351	210002	10/19/2009	5	2		1		1						0		0		1	CYMBALTA	1	0	0	0	0	0	0	0	0	0	0	1		2	4		2		1	1	0		0	0	0	1	0	1	55	55	55	158	5	9	4	0	0	0	0	0	1													1									0	0	0	12/02/2010 10:21:42 AM		11/15/2010	12/02/2010			4	
AGS	5	41351	210002	09/22/2009	5	1	09/03/2009	0								0		0		0		1	0	0	0	0	0	0	0	0	0	0	1		1	2		2		1	1	0		0	0	0	1	0		55	55	55	120	5	1	4	0	1	0	0	0	1													1								0	1	1	1	04/29/2010 11:42:37 AM	30063	09/03/2009	04/29/2010				
MSF	5	41351	210002	09/29/2009	5	4		1	1				1			0		0		0																																				5.8	1		1	0	0			1												1								0	0	0	04/29/2010 11:43:04 AM	30064	09/03/2009	04/29/2010				
MSF	5	41351	210002	10/26/2009	5	2	05/10/2009	1	1							1	METRONIDAZOLE	0		0		1	0	0	0	0	0	0	0	0	0	0	1	1	2	2		2		1	1	0		0	0	0	1	0	3				120	5	1	4.7	0	0	1	0	0	1													1									0	0	0	04/29/2010 11:43:39 AM	30065	09/03/2009	04/29/2010				
MSF	5	41351	210002	11/10/2009	5	4		1						CIODYSURIA SURGERY	1	0		0		0																																																					UTI	1							1	BACTRM DBT PO BIO XTHREE DAYS		0	0	0	04/29/2010 11:43:59 AM	30066	09/03/2009	04/29/2010				
MSF	5	41351	210002	12/01/2009	5	3	11/03/2009	1	1	1		1	1			1	BACTRIM DS	0		0		1	0	0	0	0	0	0	0	0	0	0	1		1	2		1		1	1	0		0	0	0	1	0	3				118	5	1	5.8	1	1	1	0	0			1												1								0	0	0	04/29/2010 11:54:55 AM	30067	09/03/2009	04/29/2010		3		
MLM	6	41351	210002	10/05/2009	5	1	09/27/2009	0								0		0		0	ESTROGEN	1	0	0	0	0	0	0	0	0	0	0	1		1	2		1		2	1	0		0	0	0	1	0					262	5	7	4	0	1	0	0	0	1													1								0	1	1	1	12/01/2010 02:30:14 PM		11/15/2010	12/01/2010		3		
MSF	6	41351	210002	11/04/2009	5	2	11/01/2009	0								1	CEPHALEXIN	1	FLUCONAZOLE-PROPHLAXIS FOR YEA	1	ESTROGEN	1	0	0	0	0	0	0	0	0	0	0	1		1	2		1		1	1	0		0	0	0	1	0		55	55	55	265.06	5	7	6.1	1	1	1	0	0		1												1									0	0	0	12/01/2010 02:39:58 PM		11/15/2010	12/01/2010			4	
MSF	6	41351	210002	12/14/2009	5	3	12/07/2009	1	1							0		0		1	ESTROGEN 1MG	1	0	0	0	0	0	0	0	0	0	0	1	1	1	2		1		2	1	0		0	0	0	1	0		55	55	55	271	5	7	6.1	1	1	1	0	0			1												1								0	0	0	12/01/2010 02:45:50 PM		11/15/2010	12/01/2010			4	
MSF	7	41351	210002	09/28/2009	5	1		1	1							0		0		0	DEPO PROVERA INJECTION	0	0	0	0	0	0	0	0	0	0	0	0								1	0		0	0	0	1	0		55	55	55	144.75	5	5	4	0	0	0	0	0	1													1								0	1	1	1	12/01/2010 01:31:17 PM		11/15/2010	12/01/2010				
MSF	7	41351	210002	10/28/2009	5	2		1	1							0		0		1	DEPO PROVERA SHOT	1	0	0	0	0	0	0	0	0	0	0	0								1	0		0	0	0	1	0		55	55	55	146	5	5	4	0	0	0	0	0	1													1								0	0	0	0	12/01/2010 01:43:42 PM		11/15/2010	12/01/2010				
MSF	7	41351	210002	12/07/2009	5	3		1	1							0		0		1	DEPO PROVERA	1	0	0	0	0	0	0	0	0	0	0	0								1	0		0	0	0	1	0		55	55	55	146	5	5	4.4	0	0	0	0	0	1													1									0	0	0	12/01/2010 01:49:31 PM		11/15/2010	12/01/2010				
MSF	8	41351	210002	09/28/2009	5	1	07/09/2009	0								0		0		0		1	0	0	0	0	0	0	0	0	0	0	1		1	2		1		1	1	0		0	0	0	1	0		55	55	55	160	5	1	5.8	1	1	1	0	0		1												1								0	1	1	1	12/01/2010 01:05:52 PM		11/15/2010	12/01/2010			4	
MSF	8	41351	210002	10/29/2009	5	2	09/28/2009	1		1	1					0		1	USED OTC ANTIFUNGAL	0		1	0	0	0	0	0	0	0	0	0	0	1		1	2		1		1	1	0		0	0	0	1	0		55	55	55	158	5	1	5.8	1	1	1	0	0		1												1									0	0	0	12/01/2010 01:13:35 PM		11/15/2010	12/01/2010		3		
MSF	8	41351	210002	11/30/2009	5	3	11/02/2009	0								0		0		0		1	0	0	0	0	0	0	0	0	0	0	1		1	2		1		1	1	0		0	0	0	1	0		55	55	55	162	5	1	5.3	1	1	1	0	0		1												1									0	0	0	12/01/2010 01:20:04 PM		11/15/2010	12/01/2010		3		
AGJ	9	41351	210002	10/13/2009	5	1		0								0		0		0		1	0	0	0	0	0	0	0	0	0	0	1		1	2		2		2	1	0		0	0	0	1	0					110	5	2	4	0	0	0	0	0	1													1								0	1	1	1	12/01/2010 09:43:24 AM		11/15/2010	12/01/2010			4	
MSF	9	41351	210002	11/16/2009	5	2	11/12/2009	1			1		1			0		0		0		1	0	0	0	0	0	0	0	0	0	0									1	0		0	0	0	1	0		55	55	55	116	5	2	6.3	0	0	0	0	0	1													1									0	0	0	12/01/2010 09:56:22 AM		11/15/2010	12/01/2010				
AGJ	9	41351	210002	12/22/2009	5	3	12/11/2009	1			1					0		0		0		1	0	0	0	0	0	0	0	0	0	0	1		1	2		1		1	1	0		0	0	0	1	0					119	5	2	4	0	1	0	0	0	1													1									0	0	0	12/01/2010 10:02:15 AM		11/15/2010	12/01/2010		3		
MLM	10	41351	210002	10/06/2009	5	1	09/29/2009	0								0		0		0		1	0	0	0	0	0	0	0	0	0	0	1		1	2		1		2	1	0		0	0	0	1	0		55	55	55	158	5	5	5.3	1	1	1	0	0		1												1								0	1	1	1	11/30/2010 02:03:02 PM		11/15/2010	11/30/2010		3		
MSF	10	41351	210002	11/03/2009	5	2		0								1	ZITHROMAX, SWINE FLU SHOT	0		0		1	0	0	0	0	0	0	0	0	0	0	0								1	0		0	0	0	1	0		55	55	55	160	5	5	4	0	0	0	0	0	1													1									0	0	0	11/30/2010 02:11:26 PM		11/15/2010	11/30/2010				
AGJ	10	41351	210002	12/09/2009	5	3	11/18/2009	0								0		0		0		1	0	0	0	0	0	0	0	0	0	0	1		1	2		2		1	1	0		0	0	0	1	0		55	55	55	163	5	5	4	0	1	0	0	0	1													1									0	0	0	11/30/2010 02:16:04 PM		11/15/2010	11/30/2010			4	
MSF	11	41351	210002	11/20/2009	5	2		0								0		0		1	AVIANE	1	0	0	0	0	0	0	0	0	0	0	1	1	1	2		1		1	1	0		0	0	0	1	0		55	55	55	255	5	4	4	0	0	0	0	0	1													1									0	0	0	11/30/2010 01:25:31 PM		11/15/2010	11/30/2010			4	
AGJ	11	41351	210002	12/21/2009	5	3	12/19/2009	0								0		0		1	OXYPROZINE, AVIANE	1	0	0	0	0	0	0	0	0	0	0	1		1	5		1		1	1	0		0	0	0	1	0		55	55	55	261.5	5	4	5.5	0	1	0	0	0	1													1									0	0	0	11/30/2010 01:38:32 PM		11/15/2010	11/30/2010		3		
MSF	11	41351	210002	10/19/2009	5	1	10/05/2009	0								0		0		1	AVIANE, MOBIC, FESO4	1	0	0	0	0	0	0	0	0	0	0	1		1	2		2		1	1	0		0	0	0	1	0		55	55	55	248	5	4	4.4	0	0	0	0	0	1													1								0	1	1	1	11/30/2010 01:17:55 PM		11/15/2010	11/30/2010		3		
MSF	12	41351	210002	10/23/2009	5	1	10/02/2009	0								0		0		1	PRENATAL VITAMINS	1	0	0	0	0	0	0	0	0	0	0	1	1	2	2		2		1	1	0		0	0	0	1	0		55	55	55	153	5	10	4	0	0	0	0	0	1													1								0	1	1	1	11/30/2010 12:50:16 PM	37675	11/15/2010	11/30/2010				
MSF	12	41351	210002	11/30/2009	5	2		0								0		1	FLUCONAZOLE 150 MG PO	1	PRENATAL VITAMINS	1	0	0	0	0	0	0	0	0	0	0	0								1	0		0	0	0	1	0		55	55	55	153	5	10	4	0	0	0	0	0	1	1		1	1		1	1	1				1	1	1		1	1					0	0	0	11/30/2010 12:59:26 PM	37678	11/15/2010	11/30/2010				
MSF	12	41351	210002	12/29/2009	5	3	12/24/2009	0								0		1	CLOTRIMAZOLE	1	APRIA	1	0	0	0	0	0	0	0	0	0	0	0								1	0		0	0	0	1	0		55	55	55	158	5	10	4	0	0	0	0	0	1													1									0	0	0	11/30/2010 01:07:54 PM	37680	11/15/2010	11/30/2010				
MSF	13	41351	210002	10/01/2009	5	1	09/12/2009	0								0		0		1	FLOVENT TI PUFFS/BID	1	0	0	0	0	0	0	0	0	0	1	1		1	2		1		2	1	0		0	0	0	1	0		55	55	55	338	5	5	5.8	1	1	1	0	0		1												1								0	1	1	1	12/07/2010 11:11:17 AM		11/15/2010	12/07/2010			4	
EPR	13	41351	210002	10/29/2009	5	2	10/22/2009	0								0		0		1	FLOVENT, ALBUTEROL MDI	0	0	1	0	0	0	0	0	0	0	1	1		1	2		1		1	1	0		0	0	0	1	0		55	55	55	243	5	5	7	0	1	0	0	0	1													1									0	0	0	12/07/2010 11:15:58 AM		11/15/2010	12/07/2010			4	
AGJ	13	41351	210002	12/09/2009	5	3	11/19/2009	0								1	STATES SHE TOOK A 2-PACK AND S	0		1	FLOVENT, ALBUTEROL	0	0	0	0	0	0	0				1	1		1	2		1		1	1	0		0	0	0	1	0		55	55	55	348	5	50	5.5	0	1	0	0	0	1													1									0	0	0	12/07/2010 11:22:31 AM		11/15/2010	12/07/2010		3		
MSF	14	41351	210002	10/02/2009	5	1	06/06/2009	0								0		0		1	ISOTRETINOIN, IBUPROFEN, NASONEX, YAZ, ALDACTONE, VIT E	1	0	0	0	0	0	0	0	0	0	0	1		1	2		1		1	1	0		0	0		1	0	3	55	55	55	163	5	7	4.4	0	1	0	0	0	1													1								0	1	1	1	12/20/2010 02:43:48 PM	38486	11/15/2010	12/20/2010			4	
MSF	14	41351	210002	12/04/2009	5	3		1	1							0		1	FLUCONAZOLE	1	ISOTRETINOIN, NASONEX, YAZ, ALDACETONE, VIT E	1	0	0	0	0	0	0	0	0	0	0	1		2	2		2		1	1	0		0	0	0	1	0		55	55	55	163	5	7	4.4	0	0	0	0	0	1													1									0	0	0	12/20/2010 02:47:44 PM	38490	11/15/2010	12/20/2010		3		
MSF	14	41351	210002	11/03/2009	5	2		1	1	1	1					0		0		1	ISOTRETINOIN, NASONEX, YAZ, ALDACTONE, VITAMIN E	0	0	1	0	1	1	0	0	0	0	0	1	1	2	3		2		3	1	0		0	0	0	1	0	3	55	55	55	161	5	7	4	0	0	0	0	0	1													1									0	0	0	12/20/2010 02:46:25 PM	38488	11/15/2010	12/20/2010			4	
MSF	15	41351	210002	10/05/2009	5	1		0								0		0		0		1	0	0	0	0	0	0	0	0	0	0	0								1	0		0	0	0	1	0		55	55	55	255	5	10	4	0	0	0	0	0	1													1								0	1	1	1	12/20/2010 12:52:51 PM	38479	11/15/2010	12/20/2010				
MSF	15	41351	210002	11/06/2009	5	2	10/19/2009	1	1							0		0		0		1	0	0	0	0	0	0	0	0	0	0	1	1	1	2		1		2	1	0		0	0	0	1	0		55	55	55	250	5	10	5.8	1	1	1	0	0			1												1								0	0	0	12/20/2010 12:55:58 PM	38481	11/15/2010	12/20/2010			4	
MSF	15	41351	210002	12/11/2009	5	3	11/29/2009	0								1	METRONIDAZOLE	0		0		1	0	0	0	0	0	0	0	0	0	0	0								0	0		0	0	0	1	0		55	55	55	250	5	10	7	1	0	1	0	0			1													1						0	0	0	0	12/20/2010 12:58:58 PM	38483	11/15/2010	12/20/2010				
MSF	16	41351	210002	12/11/2009	5	3		0								0		0		1	PREVACID	1	0	0	0	0	0	0	0	0	0	0	1		1	2		1		2	1	0		0	0	0	1	0		55	55	55	137	5	5	4.7	0	1	0	0	0	1													1									0	0	0	12/07/2010 10:29:25 AM	3474	11/15/2010	12/07/2010		3		
MSF	16	41351	210002	10/07/2009	5	1		0								0		0		1	PREVACID	1	0	0	0	0	0	0	0	0	0	0	1		1	2		1		2	0	0		0	0	0	1	0		55	55	55	135.25	5	5	4.4	0	1	0	0	0	1													1								0	1	1	1	12/07/2010 10:24:59 AM	3470	11/15/2010	12/07/2010			4	
MSF	16	41351	210002	11/13/2009	5	2	11/12/2009	1	1							1	BACTRIM DS	0		1	PREVACID	0	0	1	0	0	0	0	0	0	0	0	1		1	2		1		2	1	0		0	0	0	1	0		55	55	55	137	5	5	5.3	0	1	0	0	0	1													1									0	0	0	12/07/2010 10:27:15 AM	3472	11/15/2010	12/07/2010			4	
MSF	17	41351	210002	10/07/2009	5	1	09/17/2009	0								0		0		1	SYNTHROID	1	0	0	0	0	0	0	0	0	0	0	1		1	2		1		1	1	0		0	0	0	1	0		55	55	55	152	5	4	5.8	1	1	1	0	0		1			1									1								0	1	1	1	12/15/2010 03:57:15 PM	38336	11/15/2010	12/15/2010			4	
MSF	17	41351	210002	11/13/2009	5	2	11/09/2009	1	1				1			0		0		1	SYNTHYROID, ADDERAL, CELEXA	1	0	0	0	0	0	0	0	0	0	0	0								1	0		0	0	0	1	0		55	55	55	149	5	4	5.8	1	0	1	0	0			1													1							0	0	0	12/15/2010 03:58:43 PM	38338	11/15/2010	12/15/2010				
MSF	17	41351	210002	12/11/2009	5	3		0								1	METROGEL VAGINAL	0		1	SYNTHYROID, ADDERAL, CELEXA	1	0	0	0	0	0	0	0	0	0	0	1		1	2		2		2	1	0		0	0	0	1	0		55	55	55	152	5	3	4	0	0	0	0	0	1													1									0	0	0	12/15/2010 04:00:01 PM	38340	11/15/2010	12/15/2010			4	
MSF	18	41351	210002	11/06/2009	5	2	10/23/2009	0								0		0		0		1	0	0	0	0	0	0	0	0	0	0	1	1	2	2		2		2	1	0		0	0	0	1	0		55	55	55	199	5	4	4	0	0	0	0	0	1													1									0	0	0	12/07/2010 12:10:21 PM		11/15/2010	12/07/2010			4	
MSF	18	41351	210002	10/08/2009	5	1	09/19/2009	0								0		0		1	APRI OCPS	1	0	0	0	0	0	0	0	0	0	0	1		1	2		2		1	1	0		0	0	0	1	0		55	55	55	199	5	4	4	0	1	0	0	0	1													1								0	0	0	0	12/07/2010 12:07:57 PM		11/15/2010	12/07/2010		3		
MSF	18	41351	210002	12/16/2009	5	3	10/22/2009	1	1							1	DOXYCYCLINE, AZITHROMYCIN	0		1	TRIGEST	1	0	0	0	0	0	0	0	0	0	0	1	1	1	2		1		2	1	0		0	0	0	1	0		55	55	55	198	5	4	4	0	1	0	0	0	1													1								0	0	0	0	12/07/2010 12:16:27 PM		11/15/2010	12/07/2010			4	
MSF	19	41351	210002	10/12/2009	5	1	09/22/2009	0								0		0		1	LISINOPRIL 12.5MG PO QD. LOESTRIN	1	0	0	0	0	0	0	0	0	0	0	1		1	2		1		1	1	0		0	0	0	1	0		55	55	55	259	5	5	4	0	1	0	0	0	1													1								0	1	1	1	12/08/2010 01:25:15 PM		11/15/2010	12/08/2010		3		
MSF	19	41351	210002	11/11/2009	5	2	10/26/2009	0								0		0		1	LOESTRIN LISINOPRIL		0	1									1	1	2	2		2		2	1	0		0	0	0	1	0		55	55	55	262	5	5	4	0	0	0	0	0	1													1									0	0	0	12/08/2010 01:33:18 PM		11/15/2010	12/08/2010			4	
MSF	19	41351	210002	12/14/2009	5	3	11/18/2009	0								0		0		1	LISINOPRIL LOESTRIN	1	0	0	0	0	0	0	0	0	0	0	1	1	2	5	BROWN	2		2	1	0		0	0	0	1	0		55	55	55	263	5	5	4.4	0	0	0	0	0	1													1									0	0	0	12/08/2010 01:37:01 PM		11/15/2010	12/08/2010				
MSF	20	41351	210002	10/13/2009	5	1	09/15/2009	0								0		0		0		1	0	0	0	0	0	0	0	0	0	0	1		1	2		1		1	1	1	1	0	0	0	1	0		55	55	55	267	5	9	4.4	0	1	0	0	0	1													1								0	1	1	1	12/07/2010 11:39:02 AM		11/15/2010	12/07/2010		3		
MSF	20	41351	210002	11/16/2009	5	2	11/03/2009	0								0		0		0		1	0	0	0	0	0	0	0	0	0	0	1	1	1	2		2		1	1	0		0	0	0	1	0		55	55	55	272	5	9	4.4	0	0	0	0	0	1													1									0	0	0	12/07/2010 11:44:34 AM		11/15/2010	12/07/2010			4	
AGJ	20	41351	210002	12/22/2009	5	3	11/09/2009	0								0		0		1	TYLENOL PRN FOR ANKLE PAIN	1	0	0	0	0	0	0	0	0	0	0	1		1	2		2		1	1	0		0	0	0	1	0		55	55	55	268.5	5	9	4.4	0	1	0	0	0	1													1								0	0	0	0	12/07/2010 11:48:19 AM		11/15/2010	12/07/2010		3		
MSF	21	41351	210002	11/11/2009	5	2	10/08/2009	0								0		0		0		1	0	0	0	0	0	0	0	0	0	0	1		1	2		1		2	1	0		0	0	0	1	0		55	55	55	155	5	0	5.8	1	1	1	0	0		1												1									0	0	0	12/20/2010 09:36:52 AM	38474	11/15/2010	12/20/2010			4	
MSF	21	41351	210002	12/16/2009	5	3	11/12/2009	1	1							0		0		0		1	0	0	0	0	0	0	0	0	0	0	1		1	3		1		2	1	0		0	0	0	1	0		55	55	55	155	5	0	5.8	0	1	0	0	0	1													1									0	0	0	12/20/2010 09:38:17 AM	38476	11/15/2010	12/20/2010			4	
MSF	21	41351	210002	10/14/2009	5	1	10/08/2009	0								0		0		0		1	0	0	0	0	0	0	0	0	0	0	0								1	0		0	0	0	1	0		55	55	55	153	5	0	7	1	0	1	0	0		1												1								0	1	1	1	12/20/2010 09:36:02 AM	38472	11/15/2010	12/20/2010				
MSF	22	41351	210002	10/14/2009	5	1		0								0		0		0		1	0	0	0	0	0	0	0	0	0	0	1		1	2		1		1	1	0		0	0	0	1	0					128	5	7	5.8	1	1	1	0	0		1												1								0	1	1	1	05/04/2010 01:44:18 PM	30187	09/03/2009	05/04/2010		3		
MSF	22	41351	210002	11/11/2009	5	2	10/18/2009	0								0		0		0		1	0	0	0	0	0	0	0	0	0	0	1		1	2		2		1	1	0		0	0	0	1	0	1				139	5	7	5	1	1	1	0	0		1												1									0	0	0	05/04/2010 01:47:18 PM	30189	09/03/2009	05/04/2010		3		
MSF	22	41351	210002	12/18/2009	5	3	12/10/2009	0								0		0		0		1	0	0	0	0	0	0	0	0	0	0	1		1	2		1		1	1	0		0	0	0	1	0	1				138	5	8	5.8	0	1	1	0	0		1												1									0	0	0	05/04/2010 02:02:44 PM	30193	09/03/2009	05/04/2010		3		
MSF	23	41351	210002	10/15/2009	5	1	10/13/2009	0								0		0		0		1	0	0	0	0	0	0	0	0	0	0	1	1	1	4		1		2	1	0		0	0	0	1	0		55	55	55	278	5	5	7	0	0	1	0	0	1													1								0	1	1	1	12/21/2010 01:50:37 PM	38559	11/15/2010	12/21/2010			4	
MSF	23	41351	210002	11/12/2009	5	2	11/06/2009	0								1	ZITHROMAX	0		0		1	0	0	0	0	0	0	0	0	0	0	1		1	2		1		1	1	0		0	0	0	1	0		55	55	55	273	5	5	7	0	1	1	0	0		1												1									0	0	0	12/21/2010 01:52:41 PM	38561	11/15/2010	12/21/2010		3		
AGJ	23	41351	210002	12/23/2009	5	3	12/05/2009	0								1	2-PACK FOR A COLD	0		0		1	0	0	0	0	0	0	0	0	0	0	1		1	2		1		1	1	0		0	0	0		0		55	55	55	263	5	5	5.5	0	1	1	0	0		1												1									0	0	0	12/21/2010 01:54:13 PM	38563	11/15/2010	12/21/2010			4	
MSF	24	41351	210002	10/15/2009	5	1		0								0		0		0		1	0	0	0	0	0	0	0	0	0	0	1	1	1	2		1		3										55	55	55	223	5	5	4	0	1	0	0	0	1													1								0	1	1	1	12/09/2010 09:39:00 AM		11/15/2010	12/09/2010			4	
MSF	24	41351	210002	11/13/2009	5	2		0								0		0		0		1	0	0	0	0	0	0	0	0	0	0	1	1	1	2		2		3										55	55	55	227	5	5	4	0	0	0	0	0	1													1									0	0	0	12/09/2010 09:46:02 AM		11/15/2010	12/09/2010				
AGJ	24	41351	210002	12/23/2009	5	3		0								0		0		0		1	0	0	0	0	0	0	0	0	0	0	1		1	2		2		2										55	55	55	226.5	5	5	4.4	0	1	0	0	0	1													1									0	0	0	12/09/2010 09:56:44 AM		11/15/2010	12/09/2010		3		
MSF	25	41351	210002	10/27/2009	5	1	10/25/2009	0								0		0		0		1	0	0	0	0	0	0	0	0	0	0	1	1	1	4		1		3	1	0		0	0	0	1	0		55	55	55	210	5	5	7	0	0	0	0	0	1													1								0	1	1	1	12/20/2010 03:46:14 PM	38493	11/15/2010	12/20/2010			4	
MSF	25	41351	210002	12/31/2009	5	3	12/25/2009	0								0		0		0		1	0	0	0	0	0	0	0	0	0	0	1		1	2		2		2	1	0		0	0	0	1	0		55	55	55	210	5	5	4	0	0	0	0	0	1													1									0	0	0	12/20/2010 03:49:33 PM	38497	11/15/2010	12/20/2010			4	
MSF	25	41351	210002	11/24/2009	5	2	11/24/2009	0								0		0		0		1	0	0	0	0	0	0	0	0	0	0	0								1	0		0	0	0	1	0		55	55	55	209	5	5	7	0	0	0	0	0	1													1									0	0	0	12/20/2010 03:48:12 PM	38495	11/15/2010	12/20/2010				
MSF	26	41351	210002	10/28/2009	5	1	06/18/2009	0								0		0		0	DEPO PROVERA SHOT	1	0	0	0	0	0	0	0	0	0	0	1	1	1	5	TAN	1		2	1	0		0	0	0	1	0		55	55	55	198	5	3	4	0	0	0	0	0	1													1								0	1	1	1	12/21/2010 10:26:30 AM	38514	11/15/2010	12/21/2010		3		
MSF	26	41351	210002	12/07/2009	5	2	06/18/2009	1	1				1			0		0		1	DEPO SHOT	1	0	0	0	0	0	0	0	0	0	0	1		1	2		1		1	1	0		0	0	0	1	0		55	55	55	198	5	3	5.8	1	1	1	0	0			1												1								0	0	0	12/21/2010 10:29:40 AM	38515	11/15/2010	12/21/2010		3		
MSF	26	41351	210002	01/05/2010	5	3		0								1	METRONIDAZOLE	0		0		1	0	0	0	0	0	0	0	0	0	0	1		1	2		1		1	1	0		0	0	0	1	0		55	55	55	200	5	3	4.4	0	1	0	0	0	1													1									0	0	0	12/21/2010 10:32:59 AM	38517	11/15/2010	12/21/2010		3		
MSF	27	41351	210002	12/02/2009	5	2	11/27/2009	0								0		0		0		1	0	0	0	0	0	0	0	0	0	0	0								1	0		0	0	0	1	0		55	55	55	222	5	8	5.8	1	0	1	0	0		1												1									0	0	0	12/07/2010 05:19:51 PM		11/15/2010	12/07/2010				
MSF	27	41351	210002	12/30/2009	5	3	12/28/2009	0								1	MACROBID	0		1	MACROBID	1	0	0	0	0	0	0	0	0	0	0	1	1	1	4		1		3	1	0		0	0	0	1	0		55	55	55	222	5	8	7	0	0	1	0	0	1													1									0	0	0	12/07/2010 05:24:06 PM		11/15/2010	12/07/2010			4	
MSF	27	41351	210002	10/28/2009	5	1	09/24/2009	0								0		0		0		1	0	0	0	0	0	0	0	0	0	0	1	1	1	2		1		2	1	0		0	0	0	1	0		55	55	55	218	5	8	7	1	1	1	0	0		1												1								0	1	1	1	12/07/2010 05:15:59 PM		11/15/2010	12/07/2010			4	
MLM	28	41351	210002	10/23/2009	5	1	10/15/2009	0								0		0		0		1	0	0	0	0	0	0	0	0	0	0	0								1	0		0	0	0	1	0		55	55	55	170	5	5	4	0	0	0	0	0	1													1								0	1	1	1	12/21/2010 09:04:40 AM	38500	11/15/2010	12/21/2010				
MSF	28	41351	210002	11/24/2009	5	2	11/20/2009	0								0		0		0		1	0	0	0	0	0	0	0	0	0	0	1	1	1	4		1		2	1	0		0	0	0	1	0		55	55	55	198	5	5	7	0	0	0	0	0	1													1									0	0	0	12/21/2010 09:08:55 AM	38502	11/15/2010	12/21/2010			4	
MSF	28	41351	210002	12/30/2009	5	3	12/21/2009	0								0		0		0		1	0	0	0	0	0	0	0	0	0	0	0								1	0		0	0	0	1	0		55	55	55	210.06	5	5	4.4	0	0	0	0	0	1													1									0	0	0	12/21/2010 09:13:32 AM	38504	11/15/2010	12/21/2010				
MLM	29	41351	210002	10/26/2009	5	1	10/16/2009	0								0		0		1	BIRTH CONTROL PILLS (AVIANE)	0	0	1	1	0	0	0	0	0	0	0	0								1	0		0	0	0	1	0		55	55	55	170	5	5	4.4	0	0	0	1	0											1			1								0	1	1	1	01/04/2011 08:26:41 AM	38764	11/15/2010	01/04/2011				
MSF	29	41351	210002	11/23/2009	5	2	11/07/2009	0								0		0		1	AVIANE	1	0	0	0	0	0	0	0	0	0	0	0								1	0		0	0	0	1	0	1	55	55	55	152	5	7	4.4	0	0	0	0	0	1													1									0	0	0	01/04/2011 08:29:06 AM	38766	11/15/2010	01/04/2011				
MSF	29	41351	210002	12/28/2009	5	3		0								0		0		1	AVIANE	1	0	0	0	0	0	0	0	0	0	0	0								1	0		0	0	0	1	0	1	55	55	55	148	5	5	4.4	0	0	0	0	0	1													1									0	0	0	01/04/2011 08:30:35 AM	38768	11/15/2010	01/04/2011				
MSF	30	41351	210002	12/01/2009	5	2	10/03/2009	0								1	AMOXICILLIN X10 DAYS	0		1	AMOXICILLIN, ALBUTEROL MDI PRN	1	0	0	0	0	0	0	0	0	0	0	1		1	2		1		2	1	0		0	0	0	1	0		55	55	55		5	7	5.3	0	1	0	0	0	1													1									0	0	0	01/03/2011 10:41:48 AM	38653	11/15/2010	01/03/2011		3		
MLM	30	41351	210002	10/28/2009	5	1	10/03/2009	0								0		0		0		1	0	0	0	0	0	0	0	0	0	0	0								1	0		0	0	0	1	0		55	55	55	203	5	7	4.4	0		0	0	0	1													1								0	1	1	1	01/03/2011 10:36:55 AM	38650	11/15/2010	01/03/2011				
MSF	30	41351	210002	01/08/2010	5	3	01/08/2010	0								0		0		0		1	0	0	0	0	0	0	0	0	0	0	1	1	1	4		1		1	1	0		0	0	0	1	0		55	55	55	209			4.7	0	0	0	0	0	1													1									0	0	0	01/03/2011 10:57:12 AM	38657	11/15/2010	01/03/2011			4	
MLM	31	41351	210002	10/29/2009	5	1	10/14/2009	0								0		0		0		1	0	0	0	0	0	0	0	0	0	0	0								1	0		0	0	0	1	0		55	55	55	156	5	7	4.4	0		0	0	0	1													1								0	1	1	1	01/04/2011 08:51:17 AM	38771	11/15/2010	01/04/2011				
MSF	31	41351	210002	12/03/2009	5	2		0								0		1	FLUCONAZOLE 150 MG POXL	0		1	0	0	0	0	0	0	0	0	0	0	1		1	2		2		1	1	0		0	0	0	1	0		55	55	55	156	5	7	4	0	0	0	0	0	1													1									0	0	0	01/04/2011 08:53:39 AM	38773	11/15/2010	01/04/2011		3		
MSF	31	41351	210002	01/06/2010	5	3	11/13/2009	0								0		0		0		1	0	0	0	0	0	0	0	0	0	0	1	1	1	2		2		1	1	0		0	0	0	1	0	1	55	55	55	158	5	7	4.4	0	0	0	0	0	1													1									0	0	0	01/04/2011 08:55:35 AM	38775	11/15/2010	01/04/2011				
MLM	32	41351	210002	10/30/2009	5	1	10/04/2009	0								0		0		0		1	0	0	0	0	0	0	0	0	0	0	0								1	0		0	0	0		0		55	55	55	128	5	6	4.4	0	0	0	0	0	1													1								0	1	1	1	12/17/2010 01:32:19 PM	38460	11/15/2010	12/17/2010				
MSF	32	41351	210002	12/04/2009	5	2	11/01/2009	0								0		0		0		1	0	0	0	0	0	0	0	0	0	0	1		1	2		1		1	1	0		0	0	0	1	0		55	55	55	134	5	6	4.7	0	1	0	0	0	1													1									0	0	0	12/17/2010 01:37:52 PM	38462	11/15/2010	12/17/2010		3		
AGJ	33	41351	210002	11/02/2009	5	1	10/07/2009	0								0		0		0		1	0	0	0	0	0	0	0	0	0	0	1		1	2		1		1	1	0		0	0	0	1	0	3	55	55	55	110	5	8	5.8	0	1	0	0	0	1													1								0	1	1	1	01/04/2011 08:21:13 AM	38761	11/15/2010	01/04/2011		3		
MSF	33	41351	210002	12/01/2009	5	2	10/07/2009	0								0		0		0		1	0	0	0	0	0	0	0	0	0	0	1	1	2	2		2		1	1	0		0	0	0	1	0	3	55	55	55	111	5	8	4.7	0	0	0	0	0	1													1									0	0	0	01/04/2011 08:22:16 AM	38762	11/15/2010	01/04/2011			4	
MSF	34	41351	210002	10/29/2009	5	1	10/16/2009	0								0		0		0		1	0	0	0	0	0	0	0	0	0	0	1	1	2	2		2		2	1	0		0	0	0	1	0		55	55	55	128	5	2	4	0	0	0	0	0	1													1								0	1	1	1	01/10/2011 04:21:29 PM	39124	11/15/2010	01/10/2011			4	
MSF	34	41351	210002	11/30/2009	5	2	11/17/2009	1	1							0		0		0		1	0	0	0	0	0	0	0	0	0	0	1	1	2	2	I	2		1	1	0		0	0	0	1	0		55	55	55	132	5	2	4	0	0	0	0	0	1													1									0	0	0	01/10/2011 04:23:29 PM	39126	11/15/2010	01/10/2011			4	
AGJ	34	41351	210002	12/23/2009	5	4	11/17/2009	1		1		1				0		0		0		1	0	0	0	0	0	0	0	0	0	0	1		1	2		2		1	1	0		0	0	0	1	0		55	55	55	128	5	2	4.4	0	1	0	0	0	1													1									0	0	0	01/10/2011 04:24:49 PM	39128	11/15/2010	01/10/2011		3		
MSF	34	41351	210002	01/05/2010	5	3	12/17/2009	0								0		0		0		1	0	0	0	0	0	0	0	0	0	0	1		1	2		1		1	1	0		0	0	0	1	0		55	55	55	128	5		4	0	1	0	0	0	1													1									0	0	0	01/10/2011 04:25:20 PM	39129	11/15/2010	01/10/2011		3		
MSF	35	41351	210002	11/30/2009	5	2	11/16/2009	1	1		1					0		0		0		1	0	0	0	0	0	0	0	0	0	1	1	3	1	2		1		1	1	0		0	0	0	1	0		55	55	55	132	5	3	4	0	0	0	0	0	1													1									0	0	0	01/10/2011 01:30:12 PM	39119	11/15/2010	01/10/2011		3		
AGJ	35	41351	210002	10/30/2009	5	1	10/18/2009	0								0		0		0		1	0	0	0	0	0	0	0	0	0	0	1	3	1	2		1		2	1	0		0	0	0	1	0		55	55	55	110	5	3	6.1	1	1	1	0	0		1												1								0	1	1	1	01/10/2011 01:27:11 PM	39117	11/15/2010	01/10/2011		3		
MSF	35	41351	210002	01/07/2010	5	3	12/14/2009	1	1		1					0		0		1		1	0	0	0	0	0	0	0	0	0	0	1	4	1	2		2		1	1	0		0	0	0	1	0		55	55	55	108	5	3	5	1	1	1	0	0		1													1								0	0	0	01/10/2011 01:32:42 PM	39121	11/15/2010	01/10/2011			4	
MSF	36	41351	210002	12/30/2009	5	4		1	1	1						0		0		1	NO CHANGES																																			4.7	0		0	1	0											1								1				0	0	0	04/28/2010 03:31:55 PM	30000	09/03/2009	04/28/2010				
MSF	36	41351	210002	01/05/2010	5	3	12/27/2009	1		1						0		1	FLUCONAZOLE	1	FENTANYL, MSO, CYMBALTA, BACLO	0	0	1	0	0	0	0	0	0	0	0	0								1	0		0	0	0	1	0					150	5	5	5.3	0	0	0	0	0	1													1									0	0	0	04/28/2010 03:10:43 PM	29990	09/03/2009	04/28/2010				
MSF	36	41351	210002	12/04/2009	5	2		0								0		0		1	FENTANYL, MORPHINE, CYMBALTA, 	1	0	0	0	0	0	0	0	0	0	0	0								1	0		0	0	0	1	0					145	5	5	4.4	0	0	0	0	0	1													1									0	0	0	04/28/2010 03:32:40 PM	30001	09/03/2009	04/28/2010				
MSF	36	41351	210002	10/30/2009	5	1	10/27/2009	0								0		0		1	FENTAYL PATCH, ORTHO EVRA, BUE	1	0	0	0	0	0	0	0	0	0	0	1		1	4		1		1	1	0		0	0	0	1	0					149	5	5	4.4	0	0	0	0	0	1													1								0	0	0	0	04/28/2010 03:33:09 PM	30002	09/03/2009	04/28/2010		3		
MSF	37	41351	210002	12/01/2009	5	2	11/20/2009	0								0		0		0		1	0	0	0	0	0	0	0	0	0	0	1		1	2		2		1	1	0		0	0	0	1	0		55	55	55	213	5	2	4	0	0	0	0	0	1													1									0	0	0	12/06/2010 05:14:55 PM		11/15/2010	12/06/2010		3		
MSF	37	41351	210002	11/03/2009	5	1	10/23/2009	0								0		0		0		1	0	0	0	0	0	0	0	0	0	0	0								1	0		0	0	0	1	0		55	55	55	214	5	2	4	0	0	0	0	0	1													1								0	1	1	1	12/06/2010 04:36:15 PM		11/15/2010	12/06/2010				
MSF	37	41351	210002	01/12/2010	5	3	01/08/2010	0								0		0		0		1	0	0	0	0	0	0	0	0	0	0	0								1	0		0	0	0	1	0		55	55	55	219	5	2	7	0	0	0	0	0	1													1									0	0	0	12/06/2010 05:41:21 PM		11/15/2010	12/06/2010				
MSF	38	41351	210002	01/11/2010	5	3	12/26/2009	0								1	AUGMEATIN- STREP THROAT	0		0		1	0	0	0	0	0	0	0	0	0	0	1	1		2		1		2	1	0		0	0	0	1	0		55	55	55	196	5	4	5.8	0	1	0	0	0	1													1									0	0	0	01/12/2011 09:34:38 AM	39169	11/15/2010	01/12/2011			4	
MLM	38	41351	210002	11/06/2009	5	1	10/18/2009	0								0		0		0		1	0	0	0	0	0	0	0	0	0	0	0		2	3		1		2	1	0		0	0	0	1	0	1	55	55	55	193	5	4	5.8	0	0	0	0	0	1													1								0	1	1	1	01/12/2011 09:31:25 AM	39165	11/15/2010	01/12/2011		3		
MSF	38	41351	210002	12/10/2009	5	2	11/12/2009	0								1	AMOXICILLIN	0		0		1	0	0	0	0	0	0	0	0	0	0	1		1	5	WATERY	1		2	1	0		0	0	0	1		2	55	55	55	196	5	4	5.8	0	0	0	0	0	1													1									0	0	0	01/12/2011 09:33:15 AM	39167	11/15/2010	01/12/2011			4	
MSF	39	41351	210002	11/06/2009	5	1	11/01/2009	0								0		0		0		1	0	0	0	0	0	0	0	0	0	0	0								1	0		0	0	0	1	0		55	55	55	116	5	2	4	0	0	0	0	0	1													1								0	1	1	1	01/11/2011 02:41:45 PM	39158	11/15/2010	01/11/2011				
MSF	39	41351	210002	12/04/2009	5	2	11/23/2009	0								0		0		0		1	0	0	0	0	0	0	0	0	0	0	0								1	0		0	0	0	1	0		55	55	55	116	5	2	4.7	0	0	0	0	0	1											I		1									0	0	0	01/11/2011 02:43:37 PM	39160	11/15/2010	01/11/2011				
MSF	39	41351	210002	01/08/2010	5	3	12/17/2009	0								0		0		1	YAZ	1	0	0	0	0	0	0	0	0	0	0	1	1	2	2		2		1	1	0		0	0	0	1	0		55	55	55	113	5	2	4	0	0	0	0	0	1													1									0	0	0	01/11/2011 02:45:40 PM	39162	11/15/2010	01/11/2011				
MSF	40	41351	210002	11/10/2009	5	1	10/21/2009	0								0		0		1	PAINKILLERS - WISDOM TEETH OUT	0	0	1	0	0	0	0	0	0	0	0	0								1	0		0	0	0	1	0		55	55	55	182	5	4	4	0	0	0	0	0	1													1								0	1	1	1	12/08/2010 02:08:19 PM		11/15/2010	12/08/2010				
MSF	40	41351	210002	12/08/2009	5	2	11/16/2009	0								0		1	FLUCONAZOLE 150MG	1	APRI	0	0	1	0	0	0	0	0	0	0	0	0								1	0		0	0	0	1	0		55	55	55	177	5	4	4	0	0	0	0	0	1													1									0	0	0	12/08/2010 02:15:31 PM		11/15/2010	12/08/2010				
MSF	40	41351	210002	01/15/2010	5	3	12/16/2009	0								1	METRONIDOZOLE	1	TERAZOL	0		1	0	0	0	0	0	0	0	0	0	0	1	1	2	2		2		1	1	0		0	0	0	1	0		55	55	55	180	5	4	4	0	0	0	0	0	1													1									0	0	0	12/08/2010 02:20:05 PM		11/15/2010	12/08/2010			4	
MSF	40	41351	210002	12/01/2009	5	4		1		1	1					0		0		0																														55	55	55				4.4	0		0	1	0											1								1				0	0	0	12/08/2010 02:25:55 PM		11/15/2010	12/08/2010				
MLM	41	41351	210002	11/09/2009	5	1	10/26/2009	0								0		0		0		1	0	0	0	0	0	0	0	0	0	0	1		1	3		1		2	1	0		0	0	0	1	0	1	55	55	55	268	5	9	4.4	0	1	0	0	0	1													1								0	1	1	1	12/08/2010 12:47:24 PM		11/15/2010	12/08/2010		3		
MSF	41	41351	210002	12/16/2009	5	2	11/25/2009	0								1	BACTRIM PO BID X7 DAYS	0		1	COUMADIN 5MG OR 7.5MG	1	0	0	0	0	0	0	0	0	0	0	1		1	2		1		1	1	0		0	0	0	1	0		55	55	55	274	5	9	4	0	1	0	0	0	1													1									0	0	0	12/08/2010 12:53:49 PM		11/15/2010	12/08/2010			4	
MSF	41	41351	210002	01/15/2010	5	3		0								0		0		1	COUMADIN	1	0	0	0	0	0	0	0	0	0	0	1	1	2	2		2		2	1	0		0	0	0		0		55	55	55	274	5	9	4	0	0	0	0	0	1													1									0	0	0	12/08/2010 12:58:09 PM		11/15/2010	12/08/2010			4	
AGJ	42	41351	210002	11/09/2009	5	1	10/15/2009	0								0		0		0		1	0	0	0	0	0	0	0	0	0	0	1		1	2		1		1	0	1	1	0	0	0	1	0		55	55	55	240	5	10	5	0	1	0	0	0	1													1								0	1	1	1	12/17/2010 09:27:46 AM	38438	11/15/2010	12/17/2010		3		
MSF	42	41351	210002	12/07/2009	5	2	11/23/2009	0								0		0		0		1	0	0	0	0	0	0	0	0	0	0	1		1	2	I	1		1	1	0		0	0	0	1	0		55	55	55	248	5	10	4	0	1	0	0	0											1								1				0	0	0	12/17/2010 09:31:55 AM	38440	11/15/2010	12/17/2010		3		Data on question 12 and 13 changed to reflect what is in the form - MNN 7/12/12
MSF	42	41351	210002	12/28/2009	5	4		1						RASH	1	0		0		0		0	0	0	0	0	0	0	0	0	0	1																		55	55	55																					FOLLICULITIS	1	1									0	0	0	12/17/2010 09:34:31 AM	38442	11/15/2010	12/17/2010				
MSF	42	41351	210002	01/11/2010	5	3	11/03/2009	1			1					0		0		0		1	0	0	0	0	0	0	0	0	0	0	1		1	2		1		1	1	0		0	0	0	1	0		55	55	55	252	5	10	4.4	0	1	0	1	0											1								1				0	0	0	12/17/2010 09:35:49 AM	38443	11/15/2010	12/17/2010			4	
MSF	43	41351	210002	01/07/2010	5	4		1	1	1	1					0		0		0																														55	55	55				4	0	0	0	1	0											1								1				0	0	0	12/17/2010 10:38:03 AM	38448	11/15/2010	12/17/2010				
MSF	43	41351	210002	01/13/2010	5	3	01/10/2010	0								0		1	FLUCONAZOLE	0		1	0	0	0	0	0	0	0	0	0	0	0								1	0		0	0	0	1	0		55	55	55	174	5	2	7	0	0	0	0	0	1											I		1									0	0	0	12/17/2010 10:44:30 AM	38450	11/15/2010	12/17/2010				
MSF	43	41351	210002	12/11/2009	5	4		0								0		0		0																														55	55	55										1													1								0	0	0	0	12/17/2010 10:35:58 AM	38447	11/15/2010	12/17/2010				
MSF	43	41351	210002	11/05/2009	5	1	10/29/2009	0								0		0		0		1	0	0	0	0	0	0	0	0	0	0	1		1	2		1		1	1	0		0	0	0	1	0		55	55	55	167	5	2	5.8	0	1	0	0	0	1													1								0	1	1	1	12/17/2010 10:30:56 AM	38445	11/15/2010	12/17/2010		3		
NSF	43	41351	210002	12/03/2009	5	2	11/21/2009	0								0		0		0		1	0	0	0	0	0	0	0	0	0	0	0								1	0		0	0	0	1	0		55	55	55	167	5	2	4.4	0	0	0	0	0	1													1								0	1	1	1	12/17/2010 10:34:00 AM	38446	11/15/2010	12/17/2010				
MSF	44	41351	210002	12/12/2009	5	2	12/06/2009	0								0		0		1	SPRINTEC	1	0	0	0	0	0	0	0	0	0	0	1		1	5	TAN	3	WATERY	2	1	0		0	0	0	1		2	55	55	55	170	5	9	7	0	0	0	0	0	1											I		1									0	0	0	02/23/2011 09:01:54 AM	40706	11/15/2010	02/23/2011		3		
MSF	44	41351	210002	01/20/2010	5	3	01/03/2010									1	CEFIXIME	0		1	SPRINTEC	1	0	0	0	0	0	0	0	0	0	0	0								1	0		0	0	0	1	0		55	55	55	170	5	9	5	0	0	0	0	0	1													1									0	0	0	02/23/2011 09:03:05 AM	40708	11/15/2010	02/23/2011				
MLM	44	41351	210002	11/12/2009	5	1	10/15/2009	0								0		0		1	BIRTH CONTROL PILLS: SPRINTEC	1	0	0	0	0	0	0	0	0	0	0	1		1	5	CLOUDY	1		2	1	0		0	0	0		0	1	55	55	55	168	5	9	6.1	0	0	0	0	0	1													1								0	1	1	1	02/23/2011 08:59:26 AM	40704	11/15/2010	02/23/2011		3		
MSF	45	41351	210002	11/05/2009	5	1	10/12/2009	0								0		0		0		1	0	0	0	0	0	0	0	0	0	0	1		1	2		1		3	1	0		0	0	0	1	0		55	55	55	186	5	2	5.5	1	1	1	0	0		1												1								0	1	1	1	03/02/2011 08:26:44 AM	41201	11/15/2010	03/02/2011			4	
MSF	45	41351	210002	12/03/2009	5	2		0								0		0		0		1	0	0	0	0	0	0	0	0	0	0	0								1	0		0	0	0	1	0		55	55	55	189	5	2	5	1	0	1	0	0		1										I		1									0	0	0	03/02/2011 08:28:17 AM	41203	11/15/2010	03/02/2011				
MSF	45	41351	210002	01/13/2010	5	3	12/15/2009	0								0		0		0		1	0	0	0	0	0	0	0	0	0	0	1	1	1	2		1		2	1	0		0	0	0	1	0		55	55	55	191	5	2	5.8	1	1	1	0	0		1													1								0	0	0	03/02/2011 08:31:28 AM	41205	11/15/2010	03/02/2011			4	
MLM	46	41351	210002	12/18/2009	5	2	11/01/2009	0								0		0		0		1	0	0	0	0	0	0	0	0	0	0	0								1	0		0	0	0	1	0	1	55	55	55	119	5	2	4	0		0	0	0	1													1									0	0	0	03/02/2011 08:38:31 AM	41210	11/15/2010	03/02/2011				
MSF	46	41351	210002	01/26/2010	5	3	11/01/2009	0								0		0		0		1	0	0	0	0	0	0	0	0	0	0	0								1	0		0	0	0	1	0	1	55	55	55	125	5	2	4.4	0	0	0	0	0	1													1									0	0	0	03/02/2011 08:39:45 AM	41212	11/15/2010	03/02/2011				
MLM	46	41351	210002	11/19/2009	5	1	11/05/2009	0								0		0		0		1	0	0	0	0	0	0	0	0	0	0	1	1	2	2		2		2	1	0		0	0	0	1	0	1	55	55	55	119	5	2	4.4	0	0	0	0	0	1													1								0	1	1	1	03/02/2011 08:37:18 AM	41208	11/15/2010	03/02/2011				
MLM	47	41351	210002	12/16/2009	5	1	12/10/2009	0								0		0		1	SYNTHROID 112 MCG, ADVIL 600 MG	0	0	1	0	0	0	0	0	0	0	0	1	1	1	2		1		1	1	0		0	0	0	1	0	1	55	55	55	195	5	8	4.4	0	1	0	0	0	1													1								0	1	1	1	12/17/2010 11:32:39 AM	38454	11/15/2010	12/17/2010				
MSF	47	41351	210002	01/13/2010	5	2	01/13/2010	0								0		0		1	SYNTHROID QD	1	0	0	0	0	0	0	0	0	0	0	1		1	5	BROWN	1		1	1	0		0	0	0	1	0		55	55	55	195	5	8	5.8	0	1	0	0	0	1													1									0	0	0	12/17/2010 11:35:17 AM	38456	11/15/2010	12/17/2010			4	
MSF	47	41351	210002	02/17/2010	5	3	12/10/2009	0								1	OMNICEF - STREP	0		1	SYNTHROID, PROZAC 20MG	1	0	0	0	0	0	0	0	0	0	0	0								1	0		0	0	0	1	0		55	55	55	199	5	8	4.7	0	0	0	1	0											1	I		1									0	0	0	12/17/2010 11:37:58 AM	38458	11/15/2010	12/17/2010				
MLM	48	41351	210002	12/21/2009	5	1	11/01/2009	0								0		0		0		1	0	0	0	0	0	0	0	0	0	0	1		1	3		1		2	1	0		0	0	0		0	1	55	55	55	261	5	5	5.08	0	1	0	0	0	1													1								0	1	1	1	05/05/2010 10:08:12 AM	30291	09/03/2009	05/05/2010		3		
MSF	48	41351	210002	01/19/2010	5	2	12/18/2009	0								0		0		0		1	0	0	0	0	0	0	0	0	0	0	1		1	2		1		2	1	0		0	0	0	1	0		55	55	55	281	5	5	4.7	0	1	0	0	0	1													1									0	0	0	01/04/2011 08:15:05 AM	38756	11/15/2010	01/04/2011			4	
MSF	48	41351	210002	02/24/2010	5	3		0								0		0		1	FESO4, ESTRIN	1	0	0	0	0	0	0	0	0	0	0	0																	55	55	55	280	5	5	5.8	0	0	0	0	0	1													1									0	0	0	01/04/2011 08:17:39 AM	38759	11/15/2010	01/04/2011				
MLM	49	41351	210002	12/23/2009	5	1	04/12/2009	0								0		0		0		1	0	0	0	0	0	0	0	0	0	0	1	1	2	2		2		2	1									55	55	55	250	5	9	4.04	0	0	0	0	0	1													1								0	1	1	1	12/17/2010 02:24:58 PM	38464	11/15/2010	12/17/2010				
MSF	49	41351	210002	03/02/2010	5	3		0								0		0		0		1	0	0	0	0	0	0	0	0	0	0	0																	55	55	55	260	5	9	4.4	0	0	0	0	0	1													1									0	0	0	12/17/2010 02:31:17 PM	38468	11/15/2010	12/17/2010				
MSR	49	41351	210002	01/25/2010	5	2		0								0		0		0		1	0	0	0	0	0	0	0	0	0	0	0																	55	55	55	260	5	9	4	0	0	0	0	0	1											I		1									0	0	0	12/17/2010 02:28:08 PM	38466	11/15/2010	12/17/2010				
MLM	50	41351	210002	12/23/2009	5	1	12/18/2009	0								0		0		0		1	0	0	0	0	0	0	0	0	0	0	1	1	1	2		1		2	1	0		0	0	0		0	1	55	55	55	145	5	0	5.05	1	1	1	0	0		1												1								0	1	1	1	12/02/2010 10:49:42 AM		11/15/2010	12/02/2010				
MSF	50	41351	210002	01/21/2010	5	2		0								0		0		0		1	0	0	0	0	0	0	0	0	0	0	1	1	1	2		1		2	1	0		0	0	0	1	0		55	55	55	147	5	1	5.8	1	1	1	0	0		1													1								0	0	0	12/02/2010 10:58:17 AM		11/15/2010	12/02/2010			4	
MSF	50	41351	210002	03/01/2010	5	3		0								0		0		0		1	0	0	0	0	0	0	0	0	0	0	1	1	1	2		1		3	1	0		0	0	0	1	0		55	55	55	146	5	1	5.8	1	1	1	0	0		1												1									0	0	0	12/02/2010 11:34:34 AM		11/15/2010	12/02/2010				
MSF	51	41351	210002	01/27/2010	5	2	01/12/2009	0								0		0		0		1	0	0	0	0	0	0	0	0	0	0	1	1	2	2		2		1	1	0		0	0	0	1	0	3				184	5	0	4	0	0	0	0	0	1													1									0	0	0	11/29/2010 12:53:03 PM		11/15/2010	11/29/2010				
AGJ	51	41351	210002	12/28/2009	5	1	12/19/2009	0								0		0		0		1	0	0	0	0	0	0	0	0	0	0	1		1	2		1		2	0	1	1	0	0	0	1	0	3	55	55	55	188	5	0	5.3	0	1	0	0	0	1													1								0	1	1	1	11/29/2010 12:45:57 PM	37575	11/15/2010	11/29/2010			4	
MSF	51	41351	210002	03/03/2010	5	3	02/10/2010	0								0		0		0		1	0	0	0	0	0	0	0	0	0	0	1	1	2	3		2		2	1	0		0	0	0	1	0	2				182	5	0	4.4	0	0	0	0	0	1													1									0	0	0	11/29/2010 01:22:42 PM		11/15/2010	11/29/2010				
AGJ	52	41351	210002	12/22/2009	5	1	12/18/2009	0								0		0		0		1	0	0	0	0	0	0	0	0	0	0	1		1	5	BROWN	2		1	1	0		0	0	0	1	0		55	55	55	216	5	1	5	0	1	0	0	0	1													1								0	1	1	1	11/29/2010 12:29:24 PM	3313	11/15/2010	11/29/2010		3		
MSF	52	41351	210002	01/21/2010	5	2	01/09/2010	0								0		0		0		1		0	0	0	0	0	0	0	0	0	1	1	1	4		2		1	1	0		0	0	0	1	0					214	5	2	5	0	0	0	0	0	1													1									0	0	0	11/29/2010 12:30:33 PM	3315	11/15/2010	11/29/2010				
MSF	52	41351	210002	02/23/2010	5	3	02/18/2010	1	1							0		0		0		1	0	0	0	0	0	0	0	0	0	0	1		1	2		1		1	1	0		0	0	0	1	0					216	5	1	5.8						1													1									0	0	0	11/29/2010 12:32:16 PM	3317	11/15/2010	11/29/2010		3		
MSF	53	41351	210002	02/01/2010	5	2	12/01/2009	1	1				1			0		0		0		1	0	0	0	0	0	0	0	0	0	0	1	1	1	2		1		1	1	0		0	0	0	1	0					280			5.5	1	1	1	0	0			1												1								0	0	0	11/24/2010 03:14:13 PM	3289	11/15/2010	11/24/2010				
MSF	53	41351	210002	03/04/2010	5	3	12/01/2009	1	1	1			1			1	METRONIDAZOLE	0		1	LOVENOX	0	0	1	0	0	0	0	0	0	0	0	1	1	2	2		2		1	1	0		0	0	0	1	0					280			4.7	0	0	1	1	0											1								1				0	0	0	11/24/2010 03:15:27 PM	3291	11/15/2010	11/24/2010			4	
AGJ	54	41351	210002	01/04/2010	5	1	12/13/2009	1	1							0		0		1	ADVAIR, STEROID NASAL SPRAY, ALBUTEROL INHALER 	1	0	0	0	0	0	0	0	0	0	0	1		1	2		1		1	0	1	1	0	0	0	1	0		55	55	55	180	5	7	5.5	0	1	0	0	0	1													1								0	1	1	1	11/24/2010 02:25:16 PM	37411	11/15/2010	11/24/2010		3		
MSF	54	41351	210002	02/02/2010	5	2		1	1							1	CIPRO FOR UTI	1		1	ADVAIR, NASAL STEROID SPRAY, ALBUTEROL MDI, TRIAMCINILANE CREAM	1	0	0	0	0	0	0	0	0	0	0	1		1	1		1		2	1	0		0	0	0	1	0	2				177	5	7	7	0	0	0	0	0	1													1									0	0	0	11/24/2010 02:33:42 PM		11/15/2010	11/24/2010		3		
MSF	54	41351	210002	03/09/2010	5	3		0								1		0		1	ADVAIR, SINGULAIR	1	0	0	0	0	0	0	0	0	0	0	1		1	2		1		1	1	0		0	0	0	1	0	2				178	5	7	5.8	0	1	0	0	0	1													1									0	0	0	11/24/2010 02:40:22 PM		11/15/2010	11/24/2010			4	
MSF	55	41351	210002	01/26/2010	5	2	01/13/2010	1	1							1	DOXYCYCLINE	0		0		1	0	0	0	0	0	0	0	0	0	0	1		1	2		1		2	1	1	1	0	0	0	1	0					202	5	3	5.8	0	1	0	0	0	1													1									0	0	0	11/29/2010 10:04:58 AM		11/15/2010	11/29/2010			4	
MSF	55	41351	210002	12/28/2009	5	1	12/14/2009	0								0		0		0		1	0	0	0	0	0	0	0	0	0	0	1		1	2		1		1	1	0		0	0	0	1	0					204	5	3	5.8	1	1	1	0	0		1													1							0	1	1	1	11/29/2010 09:55:22 AM	37485	11/15/2010	11/29/2010		3		
MSF	55	41351	210002	03/01/2010	5	3	02/13/2010	1	1							0		0		0		0	0	1	0	0	0	0	0	0	0	0	1		1	3		1		2	1	0		0	0	0	1	0					202	5	3	7	1	1	1	0	0			1												1								1	1	0	11/29/2010 10:11:40 AM		11/15/2010	11/29/2010			4	
MSR	56	41351	210002	01/27/2010	5	2		0								0		0		0		0	0	1	0	0	0	0	0	0	0	0	1	1	1	2		1		1													144	5	2	5.8		1	1	0	0		1												1									0	0	0	11/24/2010 02:28:04 PM	5110	11/15/2010	11/24/2010			4	
MSF	56	41351	210002	12/30/2009	5	1		0								0		0		0		0	0	1	0	0	0	0	0	0	0	0	1	1	1	2		2		2	0												149	5	2	5.8	1	1	1	1	0		1									1			1								0	1	1	1	11/24/2010 02:06:17 PM	5107	11/15/2010	11/24/2010				
MSF	56	41351	210002	03/09/2010	5	3		1		1	1					1	BACTRIM, "ANTIBIOTIC SHOT"	1	OTC MICONAZOLE 1 DAY TX	1	CLARINEX, SINGULAIR	0	0	1	0	0	0	0	0	0	0	0	1	1	2	2		2		1													148	5	2	5.8	1	0	1	0	0		1												1									0	0	0	11/24/2010 02:32:19 PM	5113	11/15/2010	11/24/2010				
MSF	57	41351	210002	12/31/2009	5	1	12/03/2009	0								0		0		0		0	0	1	0	0	0	0	0	0	0	0	1		1	2		1		1	1	0		0	0	0	1	0					329	5	3	5	1	1	1	0	0		1												1								0	1	1	1	11/24/2010 02:07:53 PM	3263	11/15/2010	11/24/2010		3		
MSF	57	41351	210002	02/03/2010	5	2	01/14/2010	0								0		0		1	ORTHOTRICYCLEN LO	0	0	1	0	0	0	0	0	0	0	0	1		1	2		1		1	1	0		0	0	0	1	0					304	5	3	4.7	0	1	1	1	0		1									1			1									0	0	0	11/24/2010 02:15:39 PM	3265	11/15/2010	11/24/2010		3		
MSF	57	41351	210002	03/10/2010	5	3	03/03/2010	0								0		0		1	ORTHOTRICYCLEN	1	0	0	0	0	0	0	0	0	0	0	0								1	0		0	0	0	1	0					304	5	3	7	1	0	1	0	0		1												1									0	0	0	11/24/2010 02:21:21 PM	3267	11/15/2010	11/24/2010				
MSF	58	41351	210002	02/03/2010	5	2	01/01/2010	1	1							0		0		1	ORTHO TRICYCLEN LO	1	0	0	0	0	0	0	0	0	0	0	1	1	1	2		2		1	1	0		0	0	0	1	0					258	5	4	4	0	0	0	0	0	1													1									0	0	0	11/24/2010 12:44:59 PM	3239	11/15/2010	11/24/2010			4	
MSF	58	41351	210002	12/31/2009	5	1	12/25/2009	0								0		0		1	ORTHOTRICYCLINE LO	0	0		0	0	0	0	0	0	0	0	0								1	0		0	0	0	1	0					263	5	4	4	0	0	0	0	0	1													1								0	1	1	1	11/24/2010 12:42:22 PM	3237	11/15/2010	11/24/2010				
MSF	58	41351	210002	03/10/2010	5	3	02/18/2010	1			1					0		0		1	ORTHO TRICYCLEN LO	1	0	0	0	0	0	0	0	0	0	0	0								1	0		0	0	0	1	0					263.6	5	4	4	0	0	0	0	0	1													1									0	0	0	11/24/2010 12:50:14 PM	3241	11/15/2010	11/24/2010				
MSF	59	41351	210002	03/10/2010	5	3		0								0		0		1	HCT2, ENALAPRIL, ELAVIL	1	0	0	0	0	0	0	0	0	0	0	0								1	0		0	0	0	1	0					295	5	6	4.4	0	0	0	0	0	1													1									0	0	0	11/23/2010 03:58:03 PM		11/15/2010	11/23/2010				
MSF	59	41351	210002	12/31/2009	5	1	12/10/2009	0								0		0		1	ENALAPRIL, HCT2, FESO4	1	0	0	0	0	0	0	0	0	0	0	1	4	1	2		1		2	1	0		0	0	0	1	0					294	5	6	4	0	1	0	0	0	1													1								0	1	1	1	11/23/2010 03:23:26 PM	37250	11/15/2010	11/23/2010		3	4	
MSF	59	41351	210002	02/01/2010	5	2		0								0		0		1	HCT2, ENALAPRIL, FESO4, IBUPROFEN, ELAVIL	1	0	0	0	0	0	0	0	0	0	0	1		1	2		1		1	1	0		0	0	0	1	0					292	5	6	4.4	0	1	0	0	0	1													1									0	0	0	11/23/2010 03:36:00 PM		11/15/2010	11/23/2010		3		
MSF	60	41351	210002	03/08/2010	5	3	03/08/2010	0								0		0		1		1	0	0	0	0	0	0	0	0	0	0	0								1	0		0	0	0	1	0					188	5	3	5	0	0	0	0	0	1													1									0	0	0	11/24/2010 12:46:16 PM		11/15/2010	11/24/2010				
MSF	60	41351	210002	01/04/2010	5	1	12/24/2009	0								0		0		0		1	0	0	0	0	0	0	0	0	0	0	1		1	2		1		1	1	0		0	0	0	1	0					190	5	3	5.5	1	1	1	0	0		1													1							0	1	1	1	11/24/2010 11:50:59 AM	37332	11/15/2010	11/24/2010		3		
MSF	60	41351	210002	02/04/2010	5	2	01/07/2010	0								0		0		0		1	0	0	0	0	0	0	0	0	0	0	1	1	1	4		1		1	1	0		0	0	0	1	0					190	5	3	5.8	1	0	1	0	0		1				1		1		1	1			1									0	0	0	11/24/2010 12:02:57 PM	37334	11/15/2010	11/24/2010			4	
MSF	61	41351	210002	01/06/2010	5	1		0								0		0		1	HCTZ	1	0	0	0	0	0	0	0	0	0	0	0																	55	55	55	200	5	3	7	0	0	1	0	0	1													1								0	1	1	1	11/23/2010 03:55:25 PM	3184	11/15/2010	11/23/2010				
MSF	61	41351	210002	03/10/2010	5	3		0								0		0		1	HCTZ	1	0	0	0	0	0	0	0	0	0	0	0																				200	5	3	4.4	0	0	0	0	0	1													1									0	0	0	11/23/2010 04:47:03 PM	3188	11/15/2010	11/23/2010				
MSF	61	41351	210002	02/05/2010	5	2		0								1	2-PACK FOR URI	0		1	HCTZ	1	0	0	0	0	0	0	0	0	0	0	1	1	1	2		2		1													198	5	3	5	1	0	1	0	0		1												1									0	0	0	11/23/2010 04:04:21 PM	3186	11/15/2010	11/23/2010				
MSF	62	41351	210002	03/12/2010	5	3	02/08/2010	1		1						0		0		0		1	0	0	0	0	0	0	0	0	0	0	0								1	0		0	0	0	1	0					111	5	2	7	0	0	0	0	0	1													1									0	0	0	11/24/2010 12:07:16 PM	3215	11/15/2010	11/24/2010				
MSF	62	41351	210002	01/08/2010	5	1	12/14/2010	1	1							0		0		0		1	0	0	0	0	0	0	0	0	0	0	1	1	1	2		1		2	1	0		0	0	0	1	0					116	5	2	4.4	0	1	0	0	0	1													1								0	1	1	1	11/24/2010 11:22:34 AM	3211	11/15/2010	11/24/2010			4	
MSF	62	41351	210002	02/05/2010	5	2	01/15/2010	1	1							0		1	MONISTAT 3D TX	1	MVI	1	0	0	0	0	0	0	0	0	0	0	1		1	2		1		1	1	0		0	0	0	1	0					115	5	2	4	0	1	0	0	0	1													1									0	0	0	11/24/2010 11:29:40 AM	3213	11/15/2010	11/24/2010		3		
MSF	63	41351	210002	01/08/2010	5	1	12/25/2009	0								0		0		0		1	0	0	0	0	0	0	0	0	0	0	1	1	1	2		1		2	1	0		0	0	0	1	0					149	5	7	5.8	0	1	1	0	0		1												1								0	1	1	1	11/12/2010 02:03:46 PM	2869	09/03/2009	11/12/2010			4	
MSF	63	41351	210002	02/05/2010	5	2	01/15/2010	1								1	DOXYCYCLINE	0		0		1	0	0	0	0	0	0	0	0	0	0	1	1	1	2		1		2	1	0		0	0	0	1	0					150	5	7	5.8	1	1	1	0	0		1												1									0	0	0	11/12/2010 02:04:56 PM	2871	09/03/2009	11/12/2010			4	
MSF	63	41351	210002	03/26/2010	5	3	03/22/2010	0								0		0		0		1	0	0	0	0	0	0	0	0	0	0	0								1	0		0	0	0	1	0					149	5	7	5.8	0	0	1	0	0		1												1									0	0	0	11/12/2010 02:05:55 PM	2873	09/03/2009	11/12/2010				
MSF	64	41351	210002	01/15/2010	5	1		0								0		0		1	NORVASC, KCL, LASIX	1	0	0	0	0	0	0	0	0	0	0	1		1	2		1		2													192	5	2	5.5	1	1	1	0	0		1												1								0	1	1	1	11/15/2010 11:08:43 AM	2896	11/15/2010	11/15/2010			4	
MSF	64	41351	210002	02/18/2010	5	2		0								0		0			NORVAS, KCL, LASIX	0	0	1	0	0	0	0	0	0	0	0	1	1	1	2		2		1													205	5	2	5.8	1	0	1	0	0		1												1									0	0	0	11/15/2010 11:27:23 AM	2899	11/15/2010	11/15/2010				
MSF	64	41351	210002	03/24/2010	5	3		0								0		0		1	NORVAS, LASIX, KCL	0	0	1	0	0	0	0	0	0	0	0	1	1	1	2		2		1													202	5	2	5.8	1	0	1	0	0		1												1									0	0	0	11/15/2010 11:32:40 AM	2900	11/15/2010	11/15/2010				
MSF	65	41351	210002	01/15/2010	5	1	12/26/2009	0								0		0		0		1	0	0	0	0	0	0	0	0	0	0	1		1	2		2		1	1	0		0	0	0	1	0	1				109	5	4	5	0	0	0	0	0	1													1								0	1	1	1	11/18/2010 04:46:28 PM	3024	11/15/2010	11/18/2010		3		
MSF	65	41351	210002	02/18/2010	5	2	02/13/2010	1		1						1	METRONIDAZOLE	0		1	CELEXA	1	0	0	0	0	0	0	0	0	0	0	0								1	0		0	0	0	1	0					109	5	4	4.4	0	0	0	1	0											1								1				0	0	0	11/18/2010 04:47:51 PM	3026	11/15/2010	11/18/2010				
MSF	65	41351	210002	03/25/2010	5	3	03/10/2010	0								0		0		1	CITALOPRAM 20 MG, LOESTRIN FE	1	0	0	0	0	0	0	0	0	0	0	0								1	1	1	0	0	0	1	0					109	5	4	5.3	0	0	0	0	0	1													1									0	0	0	11/18/2010 04:48:36 PM	3027	11/15/2010	11/18/2010				
MSF	66	41351	210002	03/26/2010	5	3	03/15/2010	0								0		0		0		1	0	0	0	0	0	0	0	0	0	0	0								1	0		0	0	0	1	0					154	5	4	7	0	0	0	0	0	1													1									0	0	0	11/18/2010 03:06:29 PM	3002	11/15/2010	11/18/2010				
MSF	66	41351	210002	01/19/2010	5	1	01/12/2010	0								0		0		0		1	0	0	0	0	0	0	0	0	0	0	1	1	1	5	BROWN	2		1	1	0		0	0	0	1	0					155	5	4	7	1	0	1	0	0		1												1								0	1	1	1	11/18/2010 03:03:34 PM	2998	11/15/2010	11/18/2010				
MSF	66	41351	210002	02/24/2010	5	2	02/11/2010	0								0		0		0		1	0	0	0	0	0	0	0	0	0	0	1		1	2		1		2	1	0		0	0	0	1	0					159	5	4	5.8	1	1	1	0	0		1												1									0	0	0	11/18/2010 03:04:47 PM	3000	11/15/2010	11/18/2010		3		
MLM	67	41351	210002	01/15/2010	5	1	01/09/2010	0								0		0		0		1	0	0	0	0	0	0	0	0	0	0	1	1	2	5	BROWN	2		1	1	0		0	0	0	1	0	1	55	55	55	120	5	3	4.04	0	0	0	0	0	1													1								0	1	1	1	02/18/2011 12:49:19 PM	40559	11/15/2010	02/18/2011				
AGJ	68	41351	210002	01/22/2010	5	1	12/21/2009	0								0		0		1	ORAL CONTRACEPTIVE AGENT	1	0	0	0	0	0	0	0	0	0	0	1		1	2		2		1	1	0		0	0	0	1	0		55	55	55	269	6	0	4.7	0	1	0	0	0	1													1								0	1	1	1	11/19/2010 10:35:41 AM	3050	11/15/2010	11/19/2010		3		
MSF	68	41351	210002	02/24/2010	5	2	02/20/2010	0								0		0		1	ORTHO CYCLEN	1	0	0	0	0	0	0	0	0	0	0	1	1	1	4		1		2	1	0		0	0	0	1	0					281	6	0	7	0	0	0	0	0	1													1									0	0	0	11/19/2010 10:38:17 AM	3052	11/15/2010	11/19/2010			4	
MSF	68	41351	210002	04/01/2010	5	3	03/18/2010	0								0		0		1	ORTHO CYCLEN	1	0	0	0	0	0	0	0	0	0	0	0								1	0		0	0	0	1	0					271			5.5	1	0	1	0	0		1												1									0	0	0	11/19/2010 10:38:55 AM	3053	11/15/2010	11/19/2010				
AGJ	69	41351	210002	01/15/2010	5	1	12/20/2009	0								0		0		0		1	0	0	0	0	0	0	0	0	0	0	0								1	0		0	0	0	1	0		55	55	55	126	5	8	5.8	0	0	0	0	0	1													1								0	1	1	1	11/19/2010 11:40:12 AM	3076	11/15/2010	11/19/2010				
MSF	69	41351	210002	02/18/2010	5	2	02/16/2010	0								1	AMOXICILLIN FOR SINUS INFEC.	0		0		1	0	0	0	0	0	0	0	0	0	0	0								1	0		0	0	0	1	0					126	5	8	7	1	0	1	0	0		1												1									0	0	0	11/19/2010 11:41:01 AM	3078	11/15/2010	11/19/2010				
MSF	69	41351	210002	03/25/2010	5	3	02/11/2010	0								0		0		1	OCP  UNSURE NAME	1	0	0	0	0	0	0	0	0	0	0	0								1	0		0	0	0	1	0								5.3	0	0	1	0	0	1													1									0	0	0	11/19/2010 11:41:54 AM	3079	11/15/2010	11/19/2010				
MLM	70	41351	210002	01/06/2010	5	1	12/23/2009	0								0		0		0		1	0	0	0	0	0	0	0	0	0	0	0								1	0		0	0	0	1	0	1	55	55	55	220	5	4	5.8	0		0	0	0	1													1								0	1	1	1	01/11/2011 11:40:04 AM	39141	11/15/2010	01/11/2011				
MSF	70	41351	210002	02/04/2010	5	2		0								0		0		0		0	0	1	0	0	0	0	0	0	0	0	0								1	0		0	0	0	1	0		55	55	55	241	5	4	4.7	0	0	0	0	0	1													1									0	0	0	01/11/2011 11:41:57 AM	39143	11/15/2010	01/11/2011				
MSF	70	41351	210002	03/11/2010	5	3		0								1	AMOXICILLIN - TOOTH PULLED	0		0		1	0	0	0	0	0	0	0	0	0	0	1	1	1	2		1		1	1	0		0	0	0	1	0		55	55	55	243	5	4	7	0	1	0	0	0	1													1									0	0	0	01/11/2011 11:43:39 AM	39145	11/15/2010	01/11/2011				
MLM	71	41351	210002	01/13/2010	5	1	12/15/2009	0								0		0		0		1	0	0	0	0	0	0	0	0	0	0	1		1	2		1		2	1	0		0	0	0	1	0	1	55	55	55	226	5	2	5.05	1	1	1	0	0		1												1								0	1	1	1	01/11/2011 10:32:48 AM	39134	11/15/2010	01/11/2011		3		
MSF	71	41351	210002	02/17/2010	5	2	02/03/2010	0								0		0		0		1	0	0	0	0	0	0	0	0	0	0	1		1	2	I	1		1	1	0		0	0	0	1	0		55	55	55	228	5	2	5.8	1	1	1	0	0		1												1									0	0	0	01/11/2011 10:35:03 AM	39136	11/15/2010	01/11/2011			4	
MSF	71	41351	210002	03/23/2010	5	3	02/03/2010	0								0		0		0		1	0	0	0	0	0	0	0	0	0	0	1		1	2	I	1		1	1	0		0	0	0	1	0		55	55	55	228	5	2	5.8	0	1	1	0	0		1												1								0	0	0	0	01/11/2011 10:36:57 AM	39138	11/15/2010	01/11/2011			4	
AGJ	72	41351	210002	01/14/2010	5	1	12/28/2009	1	1							0		0		0		1	0	0	0	0	0	0	0	0	0	0	1		1	2		1		2	0	1	1	0	0	0	1	0		55	55	55	154	5	8	4.4	0	1	0	0	0	1													1								0	1	1	1	01/11/2011 09:14:26 AM	39132	11/15/2010	01/11/2011		3		
MSF	73	41351	210002	02/19/2010	5	2	02/17/2010	0								0		0		0		1	0	0	0	0	0	0	0	0	0	0	0								1	0		0	0	0	1	0		55	55	55	216	5	10	7	0	0	0	0	0	1													1									0	0	0	02/28/2011 11:18:48 AM	40993	11/15/2010	02/28/2011				
MLM	73	41351	210002	01/14/2010	5	1	12/17/2009	0								0		0		0		1	0	0	0	0	0	0	0	0	0	0	1	1	2	2		2		1	1	0		0	0	0	1	0	1	55	55	55	215	5	10	4	0	0	0	0	0	1													1								0	1	1	1	02/28/2011 11:17:45 AM	40989	11/15/2010	02/28/2011				
MSF	73	41351	210002	03/26/2010	5	3	03/18/2010	0								0		0		1	IBUPROFEN	1	0	0	0	0	0	0	0	0	0	0	0								1	0		0	0	0	1	0		55	55	55	215	5	10	7	0	0	0	0	0	1													1									0	0	0	02/28/2011 11:19:20 AM	40995	11/15/2010	02/28/2011				
AGJ	74	41351	210002	01/12/2010	5	1	12/22/2009	0								0		0		1	ALBUTEROL INHALER FOR ASTHMA	1	0	0	0	0	0	0	0	0	0	0	1		1	2		1		1	1	0		0	0	0	1	0		55	55	55	280	5		5	0	1	0	0	0	1													1								0	1	1	1	02/28/2011 03:21:26 PM	41118	11/15/2010	02/28/2011		3		
MSF	75	41351	210002	03/24/2010	5	3		0								1	2 PACK FOR SINUS INFECTION	0		0		1	0	0	0	0	0	0	0	0	0	0	1	1	2	2		2		1	1	0		0	0	0	1	0					144	5	5	4.4	0	0	0	1	0											1			1									0	0	0	02/28/2011 02:43:11 PM	41077	11/15/2010	02/28/2011			4	
MSF	75	41351	210002	01/19/2010	5	1	01/01/2010	0								0		0		0		1	0	0	0	0	0	0	0	0	0	0	0								1	0		0	0	0	1	0					138	5	5	4	0	0	0	0	0	1													1								0	1	1	1	02/28/2011 03:10:15 PM	41113	11/15/2010	02/28/2011				
MSF	75	41351	210002	02/23/2010	5	2	02/01/2010	0								0		0		0		1	0	0	0	0	0	0	0	0	0	0	1	1	1	2	I	2		2	1	0		0	0	0	1	0					139	5	5	4	0	0	0	0	0	1											I		1									0	0	0	02/28/2011 02:37:50 PM	41074	11/15/2010	02/28/2011			4	
MSF	76	41351	210002	01/20/2010	5	1	01/07/2010	0								0		0		1	HCTZ, ALBUTEROL MDI PRN	1	0	0	0	0	0	0	0	0	0	0	0								1	1	1	0	0	0	1	0	4	55	55	55	158	5	3	7.06	0	0	1	0	0	1													1								0	1	1	1	02/28/2011 11:12:07 AM	40977	11/15/2010	02/28/2011				
MSF	76	41351	210002	02/17/2010	5	2	02/05/2010	0								0		0		0		1	0	0	0	0	0	0	0	0	0	0	1	1	1	2		1		3	1	0		0	0	0	1	0		55	55	55	158	5	3	7	1	1	1	0	0		1												1									0	0	0	02/28/2011 11:12:47 AM	40979	11/15/2010	02/28/2011			4	
MSF	76	41351	210002	03/25/2010	5	3	03/03/2010									0		0		1	DIAZIDE, DITROPAN	1	0	0	0	0	0	0	0	0	0	0	1		1	2		1		1	1	0		0	0	0	1	0		55	55	55	166	5	2	6.1	1	1	1	0	0		1										I		1									0	0	0	02/28/2011 11:16:47 AM	40986	11/15/2010	02/28/2011			4	
MSF	77	41351	210002	01/20/2010	5	1	12/18/2010	0								0		0		0		1	0	0	0	0	0	0	0	0	0	0	1		1	2		1		1	1	0		0	0	0	1	0		55	55	55	257	5	2	5.8	0	1	1	0	0		1												1								0	1	1	1	02/28/2011 11:08:38 AM	40965	11/15/2010	02/28/2011		3		
MSF	77	41351	210002	02/17/2010	5	2	01/31/2010	0								0		0		0		1	0	0	0	0	0	0	0	0	0	0	1		1	2		1		1	1	0		0	0	0	1	0		55	55	55	256	5	2	5.3	1	1	1	0	0		1												1									0	0	0	02/28/2011 11:09:13 AM	40967	11/15/2010	02/28/2011		3		
MSF	77	41351	210002	03/25/2010	5	3		0								0		0		0		1	0	0	0	0	0	0	0	0	0	0	0								1	0		0	0	0	1	0		55	55	55	258	5	2	4.7	0	0	0	0	0	1													1									0	0	0	02/28/2011 11:09:51 AM	40969	11/15/2010	02/28/2011				
MLM	78	41351	210002	01/20/2010	5	1	11/07/2009	0								0		0		0		1	0	0	0	0	0	0	0	0	0	0	0								1	0		0	0	0	1	0	1	55	55	55	206	5	10	4.04	0		0	0	0	1													1								0	1	1	1	03/01/2011 11:49:12 AM	41145	11/15/2010	03/02/2011				
MSF	78	41351	210002	02/22/2010	5	2		0								0		0		0		1	0	0	0	0	0	0	0	0	0	0	1	1	1	2		2		2	1	0		0	0	0	1	0		55	55	55	207	5	10	4	0	0	0	0	0	1													1									0	0	0	03/01/2011 11:50:42 AM	41147	11/15/2010	03/02/2011			4	
MSF	78	41351	210002	04/08/2010	5	3	04/02/2010	0								0		0		0		1	0	0	0	0	0	0	0	0	0	0	0								1	0		0	0	0	1	0		55	55	55	205	5	10	4.7	0	0	0	0	0	1													1									0	0	0	03/01/2011 11:52:17 AM	41149	11/15/2010	03/02/2011				
MLM	79	41351	210002	01/21/2010	5	1	01/12/2010	0								0		0		0		1	0	0	0	0	0	0	0	0	0	0	0								1	0		0	0	0	1	0	1	55	55	55	166	5	4	5.05	1		1	0	0		1												1								0	1	1	1	03/01/2011 11:39:02 AM	41138	11/15/2010	03/01/2011				
MSF	79	41351	210002	02/18/2010	5	2		0								1	TETROCYCLINE	0		0		1	0	0	0	0	0	0	0	0	0	0	1		1	2		1		1	1	0		0	0	0	1	0		55	55	55	172	5	4	5.5	1	1	1	0	0		1										I		1									0	0	0	03/01/2011 11:40:18 AM	41140	11/15/2010	03/01/2011			4	
MSF	79	41351	210002	03/31/2010	5	3			1							1	TETRACYCLINE FOR ACNE	0		1	TETRACYCLINE	1	0	0	0	0	0	0	0	0	0	0	1		1	2		1		2	1	0		0	0	0	1	0		55	55	55	170	5	4	5.8	1	1	1	0	0		1										I		1									0	0	0	03/01/2011 11:42:09 AM	41142	11/15/2010	03/01/2011			4	
AGJ	80	41351	210002	01/29/2010	5	1	10/01/2009	0								0		0		0		1	0	0	0	0	0	0	0	0	0	0	1		1	2		1		1	0	1	1	0	0	0	1	0		55	55	55	270	5	7	5	0	1	1	0	0		1												1								0	1	1	1	02/21/2011 10:56:34 AM	40563	11/15/2010	02/21/2011			4	
MSF	80	41351	210002	02/19/2010	5	4		1		1						0		0		0		0	0	1	0	0	0	0	0	0	0	0	1	1	1	2		2		1	1	0		0	0	0	1			55	55	55				4.4	0	0	0	1	0											1								1				0	0	0	02/21/2011 10:57:30 AM	40565	11/15/2010	02/21/2011			4	
MLM	81	41351	210002	01/26/2010	5	1	01/16/2010	0								0		0		0		1	0	0	0	0	0	0	0	0	0	0	0								1	0		0	0	0	1	0	1	55	55	55	119	5	3	4.04	0	0	0	0	0	1													1								0	1	1	1	11/16/2010 03:32:38 PM	37074	11/15/2010	11/16/2010				
MSF	81	41351	210002	04/06/2010	5	3	03/15/2010	0								0		0		1	VITAMIN C, D, FESO4	1	0	0	0	0	0	0	0	0	0	0	1	1	1	2		2		2	1	0		0	0	0	1	0	2				123	5	3	4	0	0	0	0	0	1													1									0	0	0	11/16/2010 04:21:21 PM	2924	11/15/2010	11/16/2010			4	
MSF	81	41351	210002	02/24/2010	5	2		0								0		0		1	TRIN SPRINTEC FESO4 VIT C, D, B100	1	0	0	0	0	0	0	0	0	0	0	0								1	0		0	0	0	1	0	2				123	5	3	6.1	0	0	0	0	0	1													1								0	0	0	0	11/16/2010 04:25:20 PM	2925	11/15/2010	11/16/2010				
MLM	82	41351	210002	01/22/2010	5	1	01/09/2010	0								0		0		0		1	0	0	0	0	0	0	0	0	0	0	1		1	2		1		2	1	0		0	0	0	1	0	1	55	55	55	260	5	7	5.03	1	1	1	0	0		1												1								0	1	1	1	03/03/2011 09:06:46 AM	41282	11/15/2010	03/03/2011		3		
MSF	82	41351	210002	02/19/2010	5	2	02/03/2010	0								0		0		0		0	0	1	0	0	0	0	0	0	0	1	1	1	1	2		1		2	1	0		0	0	0	1	0		55	55	55	262	5	7	5.8	1	1	1	0	0		1												1									0	0	0	03/03/2011 09:08:19 AM	41284	11/15/2010	03/03/2011				
V-M	83	41351	210002	01/28/2010	5	1	01/20/2010	0								0		0		1	BIRTH CONTROL PILLS	1	0	0	0	0	0	0	0	0	0	0	0								1	0		0	0	0		0	1	55	55	55	118	5	3	4.04	0	0	0	0	0	1													1								0	1	1	1	11/17/2010 10:28:06 AM	2943	11/15/2010	11/17/2010				
MSF	83	41351	210002	03/03/2010	5	2	02/17/2010	0								0		0		1	YASMIN	1	0	0	0	0	0	0	0	0	0	0	0								1	0		0	0	0	1	0	4				127	5	3	4	0	0	0	0	0	1													1									0	0	0	11/17/2010 10:31:12 AM	2945	11/15/2010	11/17/2010				
MSF	83	41351	210002	04/07/2010	5	3	03/15/2010	0								0		0		1	YASMIN	1	0	0	0	0	0	0	0	0	0	0	1		1	2		2		1	1	0		0	0	0	1	0	4				122	5	3	4.4	0	0	0	0	0	1													1									0	0	0	11/17/2010 10:35:58 AM	2948	11/15/2010	11/17/2010			4	
AGJ	84	41351	210002	01/26/2010	5	1	07/02/2009							GENITAL WARTS	1	0		0		1	TCA APPLIED TO GENITAL WARTS	0	0	0	0	0	0	0	1	0	0	0	1	1	1	2		1		2	0	1	1	0	0	0	1	0		55	55	55	226	5	8	5	1	1	1	0	0		1								1										1	TCA APPLIED TO GENITAL WARTS	0	1	1	1	03/09/2011 09:08:47 AM	41577	11/15/2010	03/09/2011			4	
MSF	85	41351	210002	01/28/2010	5	1	12/15/2009	0								0		0		1	NEXIUM, SYNTHROID, PRISTIQ, ALBUTEROL MDL PRN	1	0	0	0	0	0	0	0	0	0	0	1	1	2	2		2		2	1	1	1	0	0	0			2				119	5	10	4	0	0	0	0	0	1													1								0	1	1	1	11/17/2010 03:12:57 PM	2970	11/15/2010	11/17/2010			4	
MSF	85	41351	210002	02/26/2010	5	2	02/15/2010	0								0		0		1	SYNTHROID, NEXIUM, PRISTA, ZYRTEC	1	0	0	0	0	0	0	0	0	0	0	1	1	1	2		1		2	1	1	1	0	0	0	1		1				120	5	10	4	0	1	0	0	0	1													1									0	0	0	11/17/2010 03:14:16 PM	2972	11/15/2010	11/17/2010			4	
MSF	85	41351	210002	04/01/2010	5	3		0								0		0		1	SYNTHYROID, NEXIUM, PRISTEC, ZYRTEC	1	0	0	0	0	0	0	0	0	0	0	1		1	2		1		1	1	0		0	0	0	1	0	2				120	5	10	4.4	0	1	0	0	0	1													1									0	0	0	11/17/2010 03:18:25 PM	2975	11/15/2010	11/17/2010			4	
MSF	86	41351	210002	03/08/2010	5	2	02/24/2010	0								0		0		0		1	0	0	0	0	0	0	0	0	0	0	0								1	0		0	0	0	1	0		55	55	55	202	5	8	4.4	0	0	0	0	0	1													1									0	0	0	03/04/2011 08:40:27 AM	41320	11/15/2010	03/04/2011				
MSF	86	41351	210002	02/02/2010	5	1	02/02/2010	0								0		0		0		1	0	0	0	0	0	0	0	0	0	0	1	1	1	4		1		2	1	0		0	0	0				55	55	55	201	5	6	5.8	0	0	0	0	0	1													1								0	1	1	1	03/04/2011 08:38:58 AM	41318	11/15/2010	03/04/2011			4	
MSF	86	41351	210002	04/12/2010	5	3		0								0		0		0		1	0	0	0	0	0	0	0	0	0	0	0								1	0		0	0	0	1	0		55	55	55	203	5	7	4	0	0	0	0	0	1													1												03/04/2011 08:41:40 AM	41322	11/15/2010	03/04/2011				
MLM	87	41351	210002	02/03/2010	5	1	01/15/2010	0								0		0		1	BIRTH CONTROL PILL (DESOGEN)	1	0	0	0	0	0	0	0	0	0	0	1	1	2	2		2		2	1	0		0	0	0	1	0	1	55	55	55	195	5	9	4	0	0	0	0	0	1													1								0	1	1	1	03/03/2011 08:40:07 AM	41262	11/15/2010	03/03/2011				
MSF	87	41351	210002	03/05/2010	5	2		0								0		0		1	PNV, DESOGEN	1	0	0	0	0	0	0	0	0	0	0	1	1	1	2		1		2	1	0		0	0	0	1	0		55	55	55	188	5	9	4	0	1	0	0	0	1													1									0	0	0	03/03/2011 08:41:18 AM	41264	11/15/2010	03/03/2011			4	
RLW	87	41351	210002	04/13/2010	5	3	04/07/2010	0								0		0		1	DESOGEN, DNV, IBUPROFEN	1	0	0	0	0	0	0	0	0	0	0	0								1	0		0	0	0	1	0		55	55	55	184	5	9	4.4	0	0	0	0	0	1													1									0	0	0	03/03/2011 08:42:42 AM	41266	11/15/2010	03/03/2011				
MSF	88	41351	210002	03/09/2010	5	2	02/17/2010									1	DOXYCYCLINE	0		0		1	0	0	0	0	0	0	0	0	0	0	0								1	0		0	0	0	1	0	1	55	55	55	142	5	7	4.4	0	0	0	0	0	1													1									0	0	0	03/03/2011 08:50:43 AM	41271	11/15/2010	03/03/2011				
MSF	88	41351	210002	04/13/2010	5	3	04/13/2010	0								0		0		0		1	0	0	0	0	0	0	0	0	0	0	0								1	0		0	0	0	1	0		55	55	55	142	5	7	4.7	0	0	0	0	0	1													1									0	0	0	03/03/2011 08:51:58 AM	41273	11/15/2010	03/03/2011				
MSF	88	41351	210002	02/08/2010	5	1		1	1							0		0		0		0	0	1	0	0	0	0	0	0	0	0	1	1	1	2		2		1	1	0		0	0	0	1	0	1	55	55	55	146	5	7	4.4	0	0	0	0	0	1													1								0	1	1	1	03/03/2011 08:49:26 AM	41269	11/15/2010	03/03/2011		3		
MSF	89	41351	210002	02/16/2010	5	1	02/09/2010	0								0		0		1	ON 7/7/7,	1	0	0	0	0	0	0	0	0	0	0	0								1	0		0	0	0	1			55	55	55	172	5	1	4.7	0	0	0	0	0	1													1								0	0	0	0	03/03/2011 08:57:48 AM	41276	11/15/2010	03/03/2011				
MSF	89	41351	210002	03/23/2010	5	2		0								0		0		1	ON 777	1	0	0	0	0	0	0	0	0	0	0	1	1	1	2		1		1	1	0		0	0	0	1	0		55	55	55	172	5	1	4.7		1	0	0	0	1													1									0	0	0	03/03/2011 08:59:04 AM	41278	11/15/2010	03/03/2011			4	
MSF	89	41351	210002	04/26/2010	5	3	04/12/2010	0								0		0		1	ON 777	1	0	0	0	0	0	0	0	0	0	0	1	1	1	4		1		2	1	0		0	0	0	1	0		55	55	55	179	5	1	7	0	0	0	0	0	1													1									0	0	0	03/03/2011 09:00:49 AM	41280	11/15/2010	03/03/2011			4	
AGJ	90	41351	210002	02/01/2010	5	1	01/24/2010	0								0		0		0		1	0	0	0	0	0	0	0	0	0	0	1		1	2		1		1	1	0		0	0	0	1	0		55	55	55	162	5	3	4	0	1	0	0	0	1													1								0	1	1	1	03/09/2011 09:00:17 AM	41570	11/15/2010	03/09/2011		3		
MSF	90	41351	210002	03/03/2010	5	2	02/26/2010	0								0		0		0		1	0	0	0	0	0	0	0	0	0	0	1	1	1	5	BROWN	1		2	1	0		0	0	0	1	0		55	55	55	163	5	3	4.7	0	0	0	0	0	1													1									0	0	0	03/09/2011 09:02:05 AM	41572	11/15/2010	03/09/2011			4	
MSF	90	41351	210002	04/05/2010	5	3	04/02/2010	0								0		0		0		1	0	0	0	0	0	0	0	0	0	0	0								1	0		0	0	0	1	0		55	55	55	165	5	3	7	0	0	0	0	0	1													1									0	0	0	03/09/2011 09:02:53 AM	41574	11/15/2010	03/09/2011				
AGJ	91	41351	210002	02/01/2010	5	1	01/16/2010	0								0		0		0		1	0	0	0	0	0	0	0	0	0	0	1		1	2		1		1	0	1	1	0	0	0	1	0		55	55	55	261	5	3	5.8	1	1	1	0	0		1												1								0	1	1	1	03/09/2011 08:51:47 AM	41554	11/15/2010	03/09/2011			4	
MSF	91	41351	210002	03/10/2010	5	2	02/06/2010	0								0		0		0		1							0	0	0	0	1	1	1	2		1		2	1	0		0	0	0	1	0		55	55	55	254	5	3	5.3	1	1	1	0	0		1												1									0	0	0	03/09/2011 08:53:35 AM	41558	11/15/2010	03/09/2011			4	
MSF	91	41351	210002	04/05/2010	5	3	03/11/2010	0								0		0		1	ANTABUSE	1	0	0	0	0	0	0	0	0	0	0	1		1	2		1		1	1	0		0	0	0	1	0		55	55	55	262	5	3	5.8	1	1	1	0	0		1												1									0	0	0	03/09/2011 08:55:11 AM	41564	11/15/2010	03/09/2011			4	
MLM	92	41351	210002	01/29/2010	5	1	12/16/2009	0								0		0		0		1	0	0	0	0	0	0	0	0	0	0	0								1	0		0	0	0	1	0	1	55	55	55	137	5	6	4.04	0	0	0	0	0	1													1								0	1	1	1	03/09/2011 08:44:17 AM	41547	11/15/2010	03/09/2011				
MSF	92	41351	210002	03/04/2010	5	2	12/16/2009	0								0		0		1	SEASONALE, PROZAC, PRILOSEC, TYLENOL SINUS, ZYRTEC	1	0	0	0	0	0	0	0	0	0	0	0								1	0		0	0	0	1	0		55	55	55	139	5	6	4	0	0	0	0	0	1													1									0	0	0	03/09/2011 08:45:47 AM	41549	11/15/2010	03/09/2011				
MSF	92	41351	210002	04/08/2010	5	3	03/10/2010	0								0		0		1	GENERIC SEASONALE, PROZAC, PRILOSEC, ZYRTEC D	1	0	0	0	0	0	0	0	0	0	0	0								1	0		0	0	0	1	0	1	55	55	55	137	5	6	4	0	0	0	0	0	1													1									0	0	0	03/09/2011 08:46:36 AM	41551	11/15/2010	03/09/2011				
MSF	93	41351	210002	03/01/2010	5	2	02/23/2010	0								0		0		0		1	0	0	0	0	0	0	0	0	0	0	0								1	0		0	0	0	1		2	55	55	55	135.5	5	7	4	0	0	0	0	0	1													1									0	0	0	03/08/2011 09:05:51 AM	41453	11/15/2010	03/08/2011				
MLM	93	41351	210002	02/01/2010	5	1	01/18/2010	0								0		0		0		1	0	0	0	0	0	0	0	0	0	0	1	1	1	2		1		1	1	0		0	0	0	1	0	1	55	55	55	135	5	7	4	0	1	0	0	0	1													1								0	1	1	1	03/08/2011 09:04:37 AM	41451	11/15/2010	03/08/2011				
MSF	93	41351	210002	04/07/2010	5	3	03/30/2010	1	1			1				0		0		1		1	0	0	0	0	0	0	0	0	0	0	1	1	2	2		2		1	1	0		0	0	0	1	0	2	55	55	55	122	5	7	4	0	0	0	0	0	1													1									0	0	0	03/08/2011 09:07:04 AM	41455	11/15/2010	03/08/2011			4	
MLM	94	41351	210002	02/04/2010	5	1	01/11/2010	0								0		0		0		1	0	0	0	0	0	0	0	0	0	0	0								1	0		0	0	0	1	0	1	55	55	55	135	5	5	4	0	0	0	0	0	1													1								0	1	1	1	03/08/2011 08:57:38 AM	41445	11/15/2010	03/08/2011				
MSF	94	41351	210002	03/04/2010	5	2		0								0		0		0		1	0	0	0	0	0	0	0	0	0	0	1	1	1	5	BROWN	2		1	1	0		0	0	0	1	0		55	55	55	136	5	5	4	0	0	0	0	0	1													1									0	0	0	03/08/2011 08:58:34 AM	41446	11/15/2010	03/08/2011			4	
MSF	94	41351	210002	04/08/2010	5	3		0								0		0		0		1	0	0	0	0	0	0	0	0	0	0	0								1	0		0	0	0	1	0		55	55	55	136	5	5	4.4	0	0	0	0	0	1													1									0	0	0	03/08/2011 08:59:21 AM	41448	11/15/2010	03/08/2011				
MLM	95	41351	210002	02/04/2010	5	1	01/18/2010	0								0		0		1	BIRTH CONTROL PILL	1	0	0	0	0	0	0	0	0	0	0	1	1	1	2		1		1	1	0		0	0	0	1	0	1	55	55	55	108	5	3	4	0	1	0	0	0	1													1								0	1	1	1	03/08/2011 08:50:31 AM	41438	11/15/2010	03/08/2011				
MSF	95	41351	210002	03/10/2010	5	2	02/06/2010	0								0		0		1	ORTHOTRICYCLEN	1	0	0	0	0	0	0	0	0	0	0	1	1	1	2		2		1	1	0		0	0	0	1	0	1	55	55	55	112	5	3	4	0	0	0	0	0	1													1									0	0	0	03/08/2011 08:51:05 AM	41440	11/15/2010	03/08/2011			4	
MSF	95	41351	210002	04/14/2010	5	3	04/11/2010	0								0		0		1	CLARITIN, ORTHO TRIGLYCERIN	1	0	0	0	0	0	0	0	0	0	0	0								1	0		0	0	0	1	0		55	55	55	111	5	3	7	0	0	0	0	0	1													1									0	0	0	03/08/2011 08:51:32 AM	41442	11/15/2010	03/08/2011				
MLM	96	41351	210002	02/09/2010	5	1	01/28/2010	0								0		0		0		1	0	0	0	0	0	0	0	0	0	0	1		1	1		1		2	1	0		0	0	0	1	0	1	55	55	55	128	5	2	5	0	1	0	0	0	1													1								0	1	1	1	03/08/2011 08:40:04 AM	41431	11/15/2010	03/08/2011		3		
MSF	96	41351	210002	03/16/2010	5	2	02/17/2010	0								0		0		0		1	0	0	0	0	0	0	0	0	0	0	1		1	2		1		1	1			0	0	0	1	0	1	55	55	55	130	5	2	4.7	0	1	0	0	0	1													1									0	0	0	03/08/2011 08:42:56 AM	41433	11/15/2010	03/08/2011			4	
RLW	96	41351	210002	04/19/2010	5	3	03/24/2010	0								0		0		1	CLARATIN D	1											0								1	0		0	0	0	1	0		55	55	55	132	5	2	4.4	0	0	0	0	0	1													1									0	0	0	03/08/2011 08:45:28 AM	41435	11/15/2010	03/08/2011				
MLM	97	41351	210002	02/08/2010	5	1	01/24/2010	0								0		0		0		1	0	0	0	0	0	0	0	0	0	0	1	1	2	2		2		1	1			0	0	0	1	0	1	55	55	55	154	5	6	4	0	0	0	0	0	1													1								0	1	1	1	03/07/2011 08:47:51 AM	41403	11/15/2010	03/07/2011				
MSF	97	41351	210002	03/12/2010	5	2	02/21/2010	0								0		0		1	ALLESE	1	0	0	0	0	0	0	0	0	0	0	1	1	1	2		2		2	1	0		0	0	0	1	0		55	55	55	160	5	6	4	0	0	0	0	0	1													1									0	0	0	03/07/2011 08:50:08 AM	41405	11/15/2010	03/07/2011			4	
MSF	97	41351	210002	04/15/2010	5	3	03/24/2010	0								0		0		1	ALLESE	1	0	0	0	0	0	0	0	0	0	0	1	1	2	2		2		1	1	0		0	0	0	1	0	1	55	55	55	160	5	6	4	0	0	0	0	0	1													1									0	0	0	03/07/2011 08:51:04 AM	41407	11/15/2010	03/07/2011			4	
JRE	98	41351	210002	02/09/2010	5	1	01/12/2010	0								0		0		1	DEPO PROVERA FOR BC	1	0	0	0	0	0	0	0	0	0	0	1		1	2		2		1	0	1	2	0	0	0	1	0		55	55	55	115	5	4	4	0	1	0	0	0	1													1								0	1	1	1	03/07/2011 08:46:14 AM	41401	11/15/2010	03/07/2011			4	
MLM	99	41351	210002	02/10/2010	5	1	01/27/2010	0								0		0		1	BIRTH CONTROL PILLS	1	0	0	0	0	0	0	0	0	0	0	1	1	2	2		2		2	1	0		0	0	0	1	0	1	55	55	55	140	5	5	4	0	0	0	0	0	1													1								0	1	1	1	03/04/2011 08:47:29 AM	41325	11/15/2010	03/04/2011				
MSF	99	41351	210002	03/22/2010	5	2	03/20/2010	1		1	1	1				0		0		1	MONONESSA, ZYRTEC PRN	1	0	0	0	0	0	0	0	0	0	0	1	1	1	4		1		2	1	0		0	0	0	1	0		55	55	55	138	5	5	7	0	0	0	0	0	1													1									0	0	0	03/04/2011 08:49:08 AM	41327	11/15/2010	03/04/2011			4	
MSF	99	41351	210002	04/20/2010	5	3	04/17/2010	0								0		0		1	YAZ, ZYRTEC, GUMMY VITAMINS	1	0	0	0	0	0	0	0	0	0	0	0								1	0		0	0	0	1	0		55	55	55	134	5	5	7	0	0	0	0	0	1													1									0	0	0	03/04/2011 08:50:15 AM	41329	11/15/2010	03/04/2011				
MSF	100	41351	210002	04/21/2010	5	3		0								0		0		0		1	0	0	0	0	0	0	0	0	0	0	1	1	1	2		2		2	1	0		0	0	0	1	0	3	55	55	55	129	5	5	4	0	0	0	0	0	1													1									0	0	0	03/07/2011 08:34:28 AM	41391	11/15/2010	03/07/2011			4	
MLM	100	41351	210002	02/17/2010	5	1	12/28/2009	0								0		0		0		1	0	0	0	0	0	0	0	0	0	0	1	1	2	2		2		1	1	0		0	0	0	1	0	1	55	55	55	125	5	5	4	0	0	0	0	0	1													1								0	1	1	1	03/07/2011 08:32:01 AM	41387	11/15/2010	03/07/2011				
MSF	100	41351	210002	03/26/2010	5	2		0								0		0		1	MVI	1	0	0	0	0	0	0	0	0	0	0	0								1	0		0	0	0	1	0	4	55	55	55	131	5	5	4.4	0	0	0	0	0	1													1									0	0	0	03/07/2011 08:33:37 AM	41389	11/15/2010	03/07/2011				
MSF	101	41351	210002	03/23/2010	5	2	12/12/2009	0								1	DOXYCYCLINE	0		0		0	0	1	0	0	0	0	0	0	0	0	1	1	1	3		1		2	1	0		0	0	0	1	0	4	55	55	55	147	5	5	7	0	1	1	0	0		1												1									1	0	0	03/04/2011 08:56:59 AM	41334	11/15/2010	03/04/2011			4	
MSF	101	41351	210002	04/21/2010	5	3	04/03/2010	0								0		0		0		1	0	0	0	0	0	0	0	0	0	0	1	1	1	2		1		2	1	0		0	0	0	1	0	4	55	55	55	149	5	5	5.8	1	1	1	0	0		1												1									0	0	0	03/04/2011 08:58:00 AM	41336	11/15/2010	03/04/2011			4	
MLM	101	41351	210002	02/11/2010	5	1	12/12/2009	0								0		0		0		1	0	0	0	0	0	0	0	0	0	0	1		1	1		1		1	1	0		0	0	0	1	0	1	55	55	55	150	5	5	5.05	1	1	1	0	0		1												1								0	1	1	1	03/04/2011 08:56:13 AM	41333	11/15/2010	03/04/2011		3		
MLM	102	41351	210002	02/18/2010	5	1	02/07/2010	0								0		0		0		1	0	0	0	0	0	0	0	0	0	0	1	1	2	2		2		2	0	0		0	0	1	1	0	1	55	55	55	232	5	8	4.04	0	0	0	0	0												CERVICAL POLYP	1	1								0	1	1	1	03/04/2011 09:02:49 AM	41341	11/15/2010	03/04/2011				
MSF	102	41351	210002	03/25/2010	5	2	03/12/2010	0								0		0		1	QUETAPINE FUMARATE	1	0	0	0	0	0	0	0	0	0	0	0								0	0		0	0	1	1	0		55	55	55	227	5	8	4.4	0	0	0	0	0	1													1									0	0	0	03/04/2011 09:04:07 AM	41344	11/15/2010	03/04/2011				
MSF	102	41351	210002	04/22/2010	5	3	04/01/2010									0		0		1	SEROQUET	1	0	0	0	0	0	0	0	0	0	0	1	1	1	2		2		1	1	0		0	0	1	1	0		55	55	55	234	5	8	4	0	0	0	0	0	1													1									0	0	0	03/04/2011 09:05:34 AM	41347	11/15/2010	03/04/2011				
AGJ	103	41351	210002	02/18/2010	5	1		0								0		0		1	MVI, B6, CA+, VITAMIN C, MELATONIN, LYRICA, AMBIEN 	1	0	0	0	0	0	0	0	0	0	0	1		1	2		2		1										55	55	55	109	5	3	4	0	1	0	0	0	1													1								0	1	1	1	03/07/2011 08:38:41 AM	41394	11/15/2010	03/07/2011		3		
MSF	103	41351	210002	03/24/2010	5	2		0								1	7 DAYS UNSURE NAME - SINUS INF	0		1	MVI, VIT B6, C, CA & VIT D, AMBIEN	1	0	0	0	0	0	0	0	0	0	0	0																	55	55	55	109	5	3	4	0	0	0	0	0	1													1									0	0	0	03/07/2011 08:39:43 AM	41396	11/15/2010	03/07/2011				
MSF	103	41351	210002	04/21/2010	5	3		0								0		0		1	AEVBAL SUPPLEMENTS, VITAMINS	1	0	0	0	0	0	0	0	0	0	0	1		1	2		1		1										55	55	55	110	5	3	4	0	1	0	0	0	1													1									0	0	0	03/07/2011 08:41:02 AM	41398	11/15/2010	03/07/2011			4	
MSF	104	41351	210002	04/29/2010	5	3	04/01/2010	0								0		0		1	MICARDIS, VESICARE, CELEXA, ESTROVEN B6	1	0	0	0	0	0	0	0	0	0	0	0								1	0		0	0	0	1	0		55	55	55	217	5	5	4.4	0	0	0	0	0	1													1									0	0	0	10/11/2011 08:37:14 AM	3566	11/15/2010	10/11/2011				
AGJ	104	41351	210002	02/19/2010	5	1	01/28/2010	0								0		0		1	MICARDIS, HCT, VESICARE, CELEXA, OTC ESTRAVAN	1	0	0	0	0	0	0	0	0	0	0	1		1	2		2		1	1	0		0	0	0	1	0		55	55	55	220	5	5	4	0	1	0	0	0	1													1								0	1	1	1	10/11/2011 08:35:15 AM	3562	11/15/2010	10/11/2011		3		
MSF	104	41351	210002	03/31/2010	5	2		0								0		0			MICARDIS, VESICARE, CELEXA, ESTRAVEN	1	0	0	0	0	0	0	0	0	0	0	1	1	1	2		2		1	1	0		0	0	0	1	0		55	55	55	219	5	5	4	0	0	0	0	0	1													1									0	0	0	10/11/2011 08:36:20 AM	3564	11/15/2010	10/11/2011			4	
MSF	105	41351	210002	03/24/2010	5	2	03/06/2010	0								0		0		0		0	0	1	0	0	0	0	0	0	0	0	1	1	1	2		2		2	1	0		0	0	0	1	0					169	5	5	5.5	1	0	1	1	0		1									1			1									0	0	0	10/11/2011 08:45:28 AM	3571	11/15/2010	10/11/2011			4	
MSF	105	41351	210002	04/26/2010	5	3	04/15/2010	0								0		0		0		1	0	0	0	0	0	0	0	0	0	0	0								1	0		0	0	0	1	0					170	5	5	5.8	0	0	1	0	0	1													1									0	0	0	10/11/2011 08:46:38 AM	3573	11/15/2010	10/11/2011				
MLM	105	41351	210002	02/22/2010	5	1	02/10/2010	0								0		0		0		1	0	0	0	0	0	0	0	0	0	0	1	1	2	2		2		2	1	0		0	0	0	1	0	1				167	5	6	5.5	1	1	1	1	0		1									1			1								0	1	1	1	10/11/2011 08:43:57 AM	3569	11/15/2010	10/11/2011		3		
MSF	106	41351	210002	03/25/2010	5	2	03/21/2010	0								0		0		1	SPRINTEC	1	0	0	0	0	0	0	0	0	0	0	1	1	1	5	BROWN	2		1	1	1	1	0	0	0	1	0	3				221	5	4	4.4	0	0	0	0	0	1													1									0	0	0	10/11/2011 08:53:05 AM	3578	11/15/2010	10/11/2011				
MSF	106	41351	210002	05/03/2010	5	3		0								0		0		1	SPRINTEC	1	0	0	0	0	0	0	0	0	0	0	1		1	2		1		1	1	0		0	0	0	1	0	3				227	5	4	5.8	0	1	0	0	0	1													1									0	0	0	10/11/2011 08:54:02 AM	3580	11/15/2010	10/11/2011			4	
MSF	106	41351	210002	02/23/2010	5	1	02/02/2010	0								0		0		1	SPRINTEC	1	0	0	0	0	0	0	0	0	0	0	1	1	1	2		2		1	1	1	1	0	0	0	1	0	3				220	5	4	4.4	0	0	0	0	0	1													1								0	1	1	1	10/11/2011 08:51:42 AM	3576	11/15/2010	10/11/2011			4	
MSF	107	41351	210002	05/03/2010	5	3		0								0		0		1	FLEXERIL, TRAMADONE, GLUCOPHAGE	1	0	0	0	0	0	0	0	0	0	0	1	1	1	2		2		1	1	0		0	0	0	1	0					137	4	11	7	1	0	1	0	0		1												1									0	0	0	10/10/2011 11:19:40 AM	3472	11/15/2010	10/10/2011			4	
MSF	107	41351	210002	03/01/2010	5	1		0								0		0		1	GLUCOPHAGE FLEXERIL, TRAMADONE	1	0	0	0	0	0	0	0	0	0	0	1	1	1	2		2		1	1	0		0	0	0	1	0					140	4	11	5.5	1	0	1	0	0		1												1								0	1	1	1	10/10/2011 11:17:20 AM	3468	11/15/2010	10/10/2011			4	
MSF	107	41351	210002	03/29/2010	5	2		0								0		0		1	GLUCOPHAGE, FLEXERIL, TRAMADONE	1	0	0	0	0	0	0	0	0	0	0	1	1	1	2		1		1	1	0		0	0	0	1	0					136	4	11	5.8	1	1	1	0	0		1												1									0	0	0	10/10/2011 11:18:38 AM	3470	11/15/2010	10/10/2011				
MLM	108	41351	210002	02/12/2010	5	1	01/17/2010	0								0		0		0		1	0	0	0	0	0	0	0	0	0	0	1		1	2		1		2	1	0		0	0	0	1	0	1				234	5	4	5.05	1	1	1	0	0		1												1								0	1	1	1	10/10/2011 03:24:36 PM	3487	11/15/2010	10/10/2011		3		
MSF	108	41351	210002	03/16/2010	5	2	02/14/2010	0								0		0		0		1	0	0	0	0	0	0	0	0	0	0	1	1	1	2		1		2	1	0		0	0	0	1	0					240	5	4	5.8	1	1	1	0	0		1												1								0	0	0	0	10/10/2011 03:25:38 PM	3489	11/15/2010	10/10/2011			4	
MSF	108	41351	210002	04/22/2010	5	3	03/25/2010	0								0		0		1	TRINESSA	0	0	1	0	0	0	0	0	0	0	0	1		1	3		1		2	1	0		0	0	0	1	0					236	5	4	7	1	1	1	0	0		1												1									0	0	0	10/10/2011 03:27:26 PM	3491	11/15/2010	10/10/2011			4	
MLM	109	41351	210002	02/15/2010	5	1	02/05/2010	0								0		0		0		1	0	0	0	0	0	0	0	0	0	0	0								1	0		0	0	0	1	0	1				150	5	7	4.07	0		0	0	0	1													1								0	1	1	1	10/10/2011 09:56:07 AM	3460	11/15/2010	10/10/2011				
MSF	109	41351	210002	03/23/2010	5	2		0								0		0		0		1	0	0	0	0	0	0	0	0	0	0	0								1	0		0	0	0	1	0					153	5	7	4.7	0	0	0	0	0	1													1									0	0	0	10/10/2011 09:57:14 AM	3462	11/15/2010	10/10/2011				
MSF	109	41351	210002	04/20/2010	5	3		0								0		0		0		1	0	0	0	0	0	0	0	0	0	0	1		1	2		1		2	1	0		0	0	0	1	0					153	5	7	4.4	0	0	0	0	0	1													1									0	0	0	10/10/2011 10:00:10 AM	3465	11/15/2010	10/10/2011		3		
MLM	110	41351	210002	02/17/2010	5	1	01/29/2010	0								0		0		0		1	0	0	0	0	0	0	0	0	0	0	1		1	2		1		1	1	0		0	0	0	1	0	1				199	5	8	5	0	1	0	0	0	1													1								0	1	1	1	01/17/2012 12:52:04 PM	9899	11/15/2010	01/17/2012		3		
MSF	110	41351	210002	03/23/2010	5	2	03/05/2010	0								0		0		1	ALLESE	1	0	0	0	0	0	0	0	0	0	0	0								1	0		0	0	0	1	0					211	5	8	5	0	0	0	0	0	1													1									0	0	0	01/17/2012 12:55:32 PM	9904	11/15/2010	01/17/2012				
MSF	110	41351	210002	04/27/2010	5	3	03/26/2010	0								0		0		1	AVIANE												1		1	2		2		1	1	0		0	0	0	1	0					213	5	8	4.4	0	0	0	0	0	1													1									0	0	0	01/17/2012 12:56:57 PM	9908	11/15/2010	01/17/2012			4	
MLM	111	41351	210002	02/16/2010	5	1	01/28/2010	0								0		0		0		1	0	0	0	0	0	0	0	0	0	0	1	1	1	2		1		2	1	0		0	0	0	1	0	1				125	5	2	5.05	1	1	1	0	0		1												1								0	1	1	1	01/17/2012 01:01:43 PM	9914	11/15/2010	01/17/2012				
MLM	112	41351	210002	02/23/2010	5	1	02/03/2010	0								0		0		0		1	0	0	0	0	0	0	0	0	0	0	1	1	1	2		1		1	0	0		0	0	0		0	1				197	5	1	5.3	1	1	1	0	0		1												1								0	1	1	1	01/17/2012 01:53:51 PM	9929	11/15/2010	01/17/2012				
MSF	112	41351	210002	03/24/2010	5	2	03/13/2010	0								0		0		1	ORTHOTRICYCLIN	1	0	0	0	0	0	0	0	0	0	0	1	1	1	2		2		1	1	0		0	0	0	1	0					208	5	1	5.8	1	0	1	0	0		1												1									0	0	0	01/17/2012 01:54:52 PM	9931	11/15/2010	01/17/2012				
MSF	112	41351	210002	04/28/2010	5	3		1			1		1			0		0		1	ORTHOTRICYCLIN	1	0	0	0	0	0	0	0	0	0	0	0								1	0		0	0	0	1	0					208	5	1	5.5	1	0	1	0	0			1												1								0	0	0	01/17/2012 01:56:05 PM	9934	11/15/2010	01/17/2012				
MSF	113	41351	210002	05/03/2010	5	3		0								0		0		0		0	0	1	0	0	0	0	0	0	0	0	1	1	1	2		1		1													197	5	8	4.4	0	1	0	0	0	1													1									0	0	0	10/07/2011 12:55:36 PM	3417	11/15/2010	10/07/2011				
MLM	113	41351	210002	02/23/2010	5	1	09/21/2009	0								0		0		0		0	0	0	0	0	0	0	0	0	0	0	1	1	1	2		1		1	0	0		0	0	0	1	0		55	55	55	195	5	8	4.4	0	1	0	0	0	1													1								0	1	1	1	10/07/2011 12:52:24 PM	3413	11/15/2010	10/07/2011				
MSF	113	41351	210002	03/29/2010	5	2		0								0		0		0		1	0	0	0	0	0	0	0	0	0	0	1	1	1	2		2		1	1	0		0	0	0	1	0					195	5	8	4.4	0	0	0	0	0	1													1									0	0	0	10/07/2011 12:53:18 PM	3414	11/15/2010	10/07/2011				
AGJ	114	41351	210002	02/24/2010	5	1	10/14/2009	1	1	1	1		1			0		0		1	DEPO PROVERA FOR BC 	1	0	0	0	0	0	0	0	0	0	0	1		1	2		1		1	0	1	1	0	0	0	1	0					170	5	7	4.7	0	1	0	0	0	1													1								0	1	1	1	10/07/2011 01:55:53 PM	3446	11/15/2010	10/07/2011	2	3		
MSF	114	41351	210002	03/24/2010	5	2		0								1	SPIDER BITE-3 DAYS ABX-UNSURE 	0		1		1	0	0	0	0	0	0	0	0	0	0	1		1	2		2		1	1	1	1	0	0	0	1	0					171	5	7	4.4	0	0	0	0	0	1													1									0	0	0	10/07/2011 01:58:11 PM	3447	11/15/2010	10/07/2011			4	
MSF	114	41351	210002	05/04/2010	5	3		0								0		0		0		1	0	0	0	0	0	0	0	0	0	0	0								1	0		0	0	0	1	0					168	5	7	4	0	0	0	0	0	1													1									0	0	0	10/07/2011 01:59:11 PM	3449	11/15/2010	10/07/2011				
MSF	115	41351	210002	03/03/2010	5	1	02/17/2010	0								0		0		1	ORTHOTRICYCLINLO	0	0	1	0	1	0	0	0	0	0	0	0								1	1	1	0	0	0	1	0	2				131	5	9	5.8	0	0	0	0	0	1													1								0	1	1	1	01/19/2012 08:36:44 AM	10008	11/15/2010	01/19/2012				
MSF	115	41351	210002	03/31/2010	5	2	03/17/2010	0								0		0		1	ORTHOTRICYCLIN LO	1	0	0	0	0	0	0	0	0	0	0	1	1	1	2		2		2	1	0		0	0	0	1	0	2				133	5	9	4.7	0	0	0	0	0	1													1									0	0	0	01/19/2012 08:37:59 AM	10010	11/15/2010	01/19/2012			4	
MSF	115	41351	210002	05/11/2010	5	3	04/13/2010	1	1							0		0		1	ORTHOTRYCYCLIN, SUDAFED	1	0	0	0	0	0	0	0	0	0	0	1	1	1	2		2		1	1	0		0	0	0	1	0	1				131	5	9	4	0	0	0	0	0	1													1									0	0	0	01/19/2012 08:39:42 AM	10012	11/15/2010	01/19/2012			4	
MSF	116	41351	210002	03/11/2010	5	1	03/08/2010	0								0		0		1	FESO4	1	0	0	0	0	0	0	0	0	0	0	0								1	0		0	0	0	1	0					220	5	6	5.8	1	0	1	0	0		1												1								0	1	1	1	01/19/2012 08:47:42 AM	10016	11/15/2010	01/19/2012				
MSF	116	41351	210002	04/14/2010	5	2	04/03/2010	0								0		0		1	FESO4	1	0	0	0	0	0	0	0	0	0	0	1		1	2		1		1	1	0		0	0	0	1	0					220	5	6	5.3	1	1	1	0	0			1											1									0	0	0	01/19/2012 08:49:40 AM	10018	11/15/2010	01/19/2012		3		
MSF	116	41351	210002	05/19/2010	5	3		0								0		0		1	VIT D, FESO4	1	0	0	0	0	0	0	0	0	0	0	1		1	2		1		2	1	0		0	0	0	1	0					221	5		5.05	1	1	1	0	0		1												1									0	0	0	01/19/2012 08:50:55 AM	10020	11/15/2010	01/19/2012			4	
MLM	117	41351	210002	03/02/2010	5	1	02/05/2010	0								0		0		1	KLONOPIN 0.5 MG PO DAILY	1	0	0	0	0	0	0	0	0	0	0	1	1	2	2		2		3	1	0		0	0	0	1	0	1				145	5	7	4	0	0	0	0	0	1													1								0	1	1	1	01/19/2012 08:58:43 AM	10023	11/15/2010	01/19/2012				
MSF	117	41351	210002	04/05/2010	5	2	03/31/2010	0								0		0		1	CLONIPIN .5MG	1	0	0	0	0	0	0	0	0	0	0	1	1	1	5	BROWN	2		1	1	0		0	0	0	1	0					156	5	7	4	0	0	0	0	0	1													1									0	0	0	01/19/2012 09:00:04 AM	10025	11/15/2010	01/19/2012			4	
MSF	117	41351	210002	05/04/2010	5	3		0								0		0		1	KLONIPIN	1	0	0	0	0	0	0	0	0	0	0	1		1	5	BROWN	2		2	1	0		0	0	0	1	0					155	5	7	4	0	0	0	0	0	1													1									0	0	0	01/19/2012 09:01:23 AM	10027	11/15/2010	01/19/2012			4	
MLM	118	41351	210002	03/16/2010	5	1	02/22/2010	0								0		0		0		1	0	0	0	0	0	0	0	0	0	0	0								1	0		0	0	0		0	1				175	4	11	4	0	0	0	0	0	1													1								0	1	1	1	01/23/2012 08:49:52 AM	10267	11/15/2010	01/23/2012				
MSF	118	41351	210002	04/21/2010	5	2	04/11/2010	0								0		0		0		1	0	0	0	0	0	0	0	0	0	0	1	1	1	4		1		1	1	0		0	0	0	1	0					186	4	11	7	1	0	1	0	0		1												1									0	0	0	01/23/2012 08:51:14 AM	10270	11/15/2010	01/23/2012			4	
MSF	118	41351	210002	05/24/2010	5	3		1	1							0		0		0		1										0	1	1	1	2		2		1	1	0		0	0	0	1	0					183			5.5	1	0	1	0	0			1												1								0	0	0	01/23/2012 08:51:52 AM	10272	11/15/2010	01/23/2012			4	
MLM	119	41351	210002	03/18/2010	5	1		0								0		0		1	TOPAMAX FOR MIGRAINES	1	0	0	0	0	0	0	0	0	0	0	0								1	0		0	0	0	1	0	1	55	55	55	172	5	9	4	0	0	0	0	0	1													1								0	1	1	1	01/23/2012 08:58:45 AM	10280	11/15/2010	01/23/2012				
MSF	119	41351	210002	04/15/2010	5	2		0								1	AMOXICILLIN FOR TOOTH ABCESS	0		1	TOPAMEX LORTAB	1	0	0	0	0	0	0	0	0	0	0	0								1	0		0	0	0	1	0		55	55	55	178	5	9	4.4	0	0	0	0	0	1													1									0	0	0	01/23/2012 09:00:37 AM	10284	11/15/2010	01/23/2012				
MSF	119	41351	210002	05/26/2010	5	3		0								0		0		1	TOPOMAX	1	0	0	0	0	0	0	0	0	0	0	0																				176			5.5	0	0	0	0	0	1													1									0	0	0	01/23/2012 09:03:19 AM	10286	11/15/2010	01/23/2012				
MLM	120	41351	210002	03/25/2010	5	1	03/05/2010	0								0		0		1	BIRTH CONTROL PILLS	1	0	0	0	0	0	0	0	0	0	0	1	1	1	2		1		1	1	0		0	0	0	1	0	1				130	5	6	5.5	1	1	1	0	0		1												1								0	1	1	1	01/23/2012 10:08:37 AM	10309	11/15/2010	01/23/2012				
MST	120	41351	210002	04/28/2010	5	2	04/18/2010	0								0		0		1	LO-ESTRIN	1	0	0	0	0	0	0	0	0	0	0	1		1	2		1		1	1	0		0	0	0	1	0					126	5	5	5.3	0	1	1	0	0		1												1									0	0	0	01/23/2012 10:10:26 AM	10311	11/15/2010	01/23/2012		3		
MSF	120	41351	210002	06/02/2010	5	3	05/18/2010	0								0		0		0		1	0	0	0	0	0	0	0	0	0	0	1		1	2		1		1	1	0		0	0	0	1	0					126			5	0	1	1	0	0		1												1									0	0	0	01/23/2012 10:11:44 AM	10313	11/15/2010	01/23/2012			4	
MLM	121	41351	210002	03/25/2010	5	1	03/06/2010	0								0		0		0		1	0	0	0	0	0	0	0	0	0	0	0								1	0		0	0	0	1	0	1	55	55	55	153	5	8	5.5	1	0	1	0	0		1												1								0	1	1	1	02/21/2011 12:40:03 PM	40569	11/15/2010	02/21/2011				
MSF	121	41351	210002	06/02/2010	5	3	05/24/2010	1	1							0		0		0		1	0	0	0	0	0	0	0	0	0	0	0								1	0		0	0	0	1	0		55	55	55	170			5.8	1	0	1	0	0			1												1								0	0	0	02/21/2011 12:40:36 PM	40570	11/15/2010	02/21/2011				
MSF	122	41351	210002	03/15/2010	5	1	03/12/2010	0								0		0				1	0	0	0	0	0	0	0	0	0	0	1	1	1	4		1		1	1	0		0	0	0	1	0					145	5	3	5.5	0	0	0	0	0	1													1								0	1	1	1	01/24/2012 12:50:58 PM	10356	11/15/2010	01/24/2012				
MSF	122	41351	210002	04/15/2010	5	2	04/11/2010	0								0		0		0		1	0	0	0	0	0	0	0	0	0	0	0								1	0		0	0	0	1	0					191	5	3	5.3	1	0	0	0	0	1													1									0	0	0	01/24/2012 12:53:45 PM	10358	11/15/2010	01/24/2012				
MSF	122	41351	210002	05/18/2010	5	3	05/14/2010	0								0		0		0		1	0	0	0	0	0	0	0	0	0	0	1	1	1	4		1		1	1	0		0	0	0	1	0					193			4.4	0	0	0	0	0	1													1									0	0	0	01/24/2012 12:54:21 PM	10359	11/15/2010	01/24/2012				
MSF	123	41351	210002	03/16/2010	5	1		0								0		0		0		1	0	0	0	0	0	0	0	0	0	0	1	1	1	2		1		2	1	0		0	0	0	1	0		55	55	55	175	4	11	5.5	0	1	0	0	0	1													1								0	1	1	1	01/25/2012 08:17:49 AM	10378	11/15/2010	01/25/2012			4	
MSF	123	41351	210002	04/19/2010	5	2	03/25/2010	0								0		0		0		1	0	0	0	0	0	0	0	0	0	0	1	1	1	2		1		1	1	0		0	0	0	1	0					177	4	11	5.8	1	1	1	0	0		1												1									0	0	0	01/25/2012 08:19:40 AM	10380	11/15/2010	01/25/2012			4	
MSF	123	41351	210002	05/24/2010	5	3	05/23/2010									0		0		0		1	0	0	0	0	0	0	0	0	0	0	1	1	1	4		1		2	1	0		0	0	0	1	0					177			7	0	0	0	0	0	1													1									0	0	0	01/25/2012 08:20:22 AM	10381	11/15/2010	01/25/2012			4	
MSF	124	41351	210002	04/21/2010	5	2	04/11/2010	0								0		0		0		1	0	0	0	0	0	0	0	0	0	0	1	1	2	2		2		2	1	0		0	0	0	1	0					158	5	6	4	0	0	0	0	0	1													1									0	0	0	01/25/2012 10:00:09 AM	10495	11/15/2010	01/25/2012			4	
MSF	124	41351	210002	05/27/2010	5	3		0								1	ZITHROMAX FOR SINUS INFECTION	0		1	AZURETTE	1	0	0	0	0	0	0	0	0	0	0	1	1	1	2		2		1	1	0		0	0	0	1	0	1				160			4.4	0	0	0	0	0	1													1									0	0	0	01/25/2012 10:01:18 AM	10498	11/15/2010	01/25/2012			4	
MSF	124	41351	210002	03/22/2010	5	1	03/08/2010	0								0		0		1	AZUREHE(OCP), ADDERAL PRN	1	0	0	0	0	0	0	0	0	0	0	1	1	1	2		2		1	1	0		0	0	0	1	0	2							4	0	0	0	0	0	1													1								0	1	1	1	01/25/2012 09:58:33 AM	10491	11/15/2010	01/25/2012			4	
MSF	125	41351	210002	03/22/2010	5	1		1								0		0		0		1	0	0	0	0	0	0	0	0	0	0	1	1	2	2		2		1	1	0		0	0	0	1	0					195	5	3	4	0	0	0	0	0	1													1								0	1	1	1	01/25/2012 10:53:45 AM	10515	11/15/2010	01/25/2012			4	
MSF	125	41351	210002	04/26/2010	5	2	04/14/2010	0								0		0		1	MVI - CA	1	0	0	0	0	0	0	0	0	0	0	1	1	1	2		2		2	1	0		0	0	0	1	0					198	5	3	4.4	0	0	0	0	0	1													1									0	0	0	01/25/2012 10:55:25 AM	10518	11/15/2010	01/25/2012			4	
MSF	125	41351	210002	05/26/2010	5	3		0								0		0		1	MVI & CALCIUM	1	0	0	0	0	0	0	0	0	0	0	1	1	1	2		2		1	1	0		0	0	0	1	0					198			4	0	0	0	0	0	1													1									0	0	0	01/25/2012 10:56:25 AM	10520	11/15/2010	01/25/2012			4	
MSF	126	41351	210002	03/31/2010	5	1	03/16/2010	0								0		0		0		1	0	0	0	0	0	0	0	0	0	0	1	1	2	2		2		2	1	0		0	0	0	1	0	1				147	5	8	4	0	0	0	0	0	1													1								0	1	1	1	01/25/2012 03:01:24 PM	10575	11/15/2010	01/25/2012			4	
MSF	126	41351	210002	06/08/2010	5	3	05/17/2010	0								0		0		0		1	0	0	0	0	0	0	0	0	0	0	1	1	2	2		2		1	1	0		0	0	0	1	0					144			4	0	0	0	0	0	1													1									0	0	0	01/25/2012 03:12:38 PM	10579	11/15/2010	01/25/2012		3		
MSF	126	41351	210002	05/04/2010	5	2		0								0		0		0		1	0	0	0	0	0	0	0	0	0	0	1	1	1	2		2		2	1	0		0	0	0	1	0	1				141	5	8	4.4	0	0	0	0	0	1													1									0	0	0	01/25/2012 03:04:44 PM	10577	11/15/2010	01/25/2012			4	
MSF	127	41351	210002	04/05/2010	5	1	02/28/2010	0								0		0		1	B12 PO QOD	1	0	0	0	0	0	0	0	0	0	0	0								1	1	1	0	0	0	1	0					197	5	8	5	0	0	1	0	0	1													1								0	1	1	1	02/16/2012 02:02:56 PM	12412	11/15/2010	02/17/2012				
MSF	127	41351	210002	05/03/2010	5	2		1	1							0		0		1	VIT E & B12	1	0	0	0	0	0	0	0	0	0	0	1	1	2	2		2		1	1	0		0	0	0		0					200	5	8	5.3	1	0	1	0	0			1												1								0	0	0	02/16/2012 02:04:20 PM	12414	11/15/2010	02/17/2012			4	
MSF	127	41351	210002	06/08/2010	5	3	05/17/2010	0								1	METRONIDAZOLE	0		0		1	0	0	0	0	0	0	0	0	0	0	0								1	0		0	0	0	1	0	1				198			4.4	0	0	0	1	0											1			1									0	0	0	02/16/2012 02:05:51 PM	12416	11/15/2010	02/17/2012				
MSF	128	41351	210002	04/05/2010	5	1	04/14/2010	0								0		0		1	LOOGESTROL, FEXOFENIDE	1	0	0	0	0	0	0	0	0	0	0	1	1	1	4		1		2	1	0		0	0	0	1	0		55	55	55	162	5	1	7	0	0	0	0	0	1													1								0	1	1	1	02/18/2011 12:36:20 PM	40551	11/15/2010	02/18/2011			4	
MSF	128	41351	210002	05/14/2010	5	2	04/19/2010	1	1				1			1	METRONIDAZOLE	0		1	LOOGESTROL, MVI, FEXOFENIDINE	1	0	0	0	0	0	0	0	0	0	0	0								1	0		0	0	0	1	0	1	55	55	55	160	5	1	5.3	1	0	1	0	0			1												1								0	0	0	02/18/2011 12:39:32 PM	40554	11/15/2010	02/18/2011				
MSF	128	41351	210002	06/14/2010	5	3	06/07/2010	0								1	METRONIDAZOLE	0		1	LOOGESTROL	1	0	0	0	0	0	0	0	0	0	0	1		1	2		2		1	0	0		0	0	0	1	0	1	55	55	55	160			4.4	0	0	0	0	0	1													1									0	0	0	02/18/2011 12:40:36 PM	40556	11/15/2010	02/18/2011		3		
MSF	128	41351	210002	4/14/10	5	4		1	1				1			0		0		1	LOGESTEROL, FEXOFENIDINE																													55	55	55				5.3	1		1	0	0			1												1								0	0	0								
MSF	129	41351	210002	06/04/2010	5	3	06/04/2010	0								0		0		0		1	0	0	0	0	0	0	0	0	0	0	1	1	1	4		1		2	1	0		0	0	0	1	0					135			7	0	0	0	0	0	1													1									0	0	0	02/16/2012 01:56:47 PM	12409	11/15/2010	02/16/2012			4	
MSF	129	41351	210002	04/29/2010	5	2	04/18/2010	0								0		0		0		1	0	0	0	0	0	0	0	0	0	0	1	1	1	2		2		1	1	1	2	0	0	0	1	0					137	5	5	4.4	0	0	0	0	0	1													1									0	0	0	02/16/2012 01:55:30 PM	12407	11/15/2010	02/16/2012				
MLM	129	41351	210002	03/31/2010	5	1	03/19/2010	0								0		0		0		1	0	0	0	0	0	0	0	0	0	0	1		1	1		1		2	1	0		0	0	0		0	1				138	5	5	6.1	0	1	0	0	0	1													1								0	1	1	1	02/16/2012 01:53:54 PM	12405	11/15/2010	02/16/2012		3		
MLM	130	41351	210002	04/18/2010	5	1	04/02/2010	0								0		0		0		1	0	0	0	0	0	0	0	0	0	0	1		1	2		1		2	1	0		0	0	0	1	0	1	55	55	55	260	5	5	5	0	1	0	0	0		1												1								0	1	1	1	02/23/2011 09:17:47 AM	40718	11/15/2010	02/23/2011		3		
MSF	130	41351	210002	05/12/2010	5	2		1	1	1			1			0		0		1	ZOLOFT PHENTERMINE	1	0	0	0	0	0	0	0	0	0	0	1		1	2		1		2	1	0		0	0	0	1	0		55	55	55	250	5	5	5.8	1	1	1	0	0			1												1								0	0	0	02/23/2011 09:19:05 AM	40720	11/15/2010	02/23/2011			4	
MSF	130	41351	210002	06/16/2010	5	3	05/20/2010	1		1						1	METRONIDAZOLE	1	MONISTAT 1 DAY	0		1	0	0	0	0	0	0	0	0	0	0	1		1	2		1		1	1	0		0	0	0	1	0		55	55	55	240			4.4	0	1	0	0	0	1													1									0	0	0	02/23/2011 09:20:09 AM	40721	11/15/2010	02/23/2011		3		
MSF	131	41351	210002	04/07/2010	5	1	04/01/2010	0								0		0		0		1	0	0	0	0	0	0	0	0	0	0	0								1	0		0	0	0	1	0	3				154	5	3	5	1	0	1	0	0		1												1								0	1	1	1	03/08/2012 02:35:26 PM	13409	11/15/2010	03/08/2012				
MSF	131	41351	210002	05/11/2010	5	2	04/28/2010	0								0		0		0		1	0	0	0	0	0	0	0	0	0	0	1		1	2		1		2	1	0		0	0	0	1	0					154	5	3	7	1	1	1	0	0		1												1									0	0	0	03/08/2012 02:37:21 PM	13412	11/15/2010	03/08/2012			4	
MSF	131	41351	210002	06/15/2010	5	3										0		0		0		0	0	1	0	0	0	0	0	0	0	0	1	1	2	2		2		2	1	0		0	0	0	1	0					154			5	0	0	1	1	0											1			1									0	0	0	03/08/2012 02:37:57 PM	13413	11/15/2010	03/08/2012			4	
MSF	132	41351	210002	06/16/2010	5	3	06/15/2010	0								0		0		0		1	0	0	0	0	0	0	0	0	0	0	1	1	1	4		1		3	1	0		0	0	0	1	0					160			7	0	0	0	0	0	1													1									0	0	0	02/16/2012 09:51:50 AM	12348	11/15/2010	02/16/2012			4	
MSF	132	41351	210002	04/08/2010	5	1	03/20/2010	0								0		0		1	LEXAPRO	1	0	0	0	0	0	0	0	0	0	0	1	1	2	2		2		1	1	0		0	0	0	1	0					160	5	5	4	0	0	0	0	0	1													1								0	1	1	1	02/16/2012 09:43:38 AM	12343	11/15/2010	02/16/2012			4	
MSF	132	41351	210002	05/12/2010	5	2		0								0		0		1	CHLORAQUIN, LEXAPRO	1	0	0	0	0	0	0	0	0	0	0	1		1	2		2		2	1	0		0	0	0	1	0					158	5	5	4	0	0	0	0	0	1													1									0	0	0	02/16/2012 09:49:11 AM	12345	11/15/2010	02/16/2012			4	
MSF	133	41351	210002	04/19/2010	5	1	04/04/2010	0								0		0		0		1	0	0	0	0	0	0	0	0	0	0	1		1	2		1		1	1	0		0	0	0	1	0					117	5	3	4	0	1	0	0	0	1													1								0	1	1	1	02/15/2012 01:22:48 PM	12241	11/15/2010	02/15/2012		3		
MSF	133	41351	210002	06/18/2010	5	3	05/29/2010	0								0		0		0		1	0	0	0	0	0	0	0	0	0	0	1		1	1		1		2	1	0		0	0	0	1	0					114			4.4	0	0	0	0	0	1													1									0	0	0	02/15/2012 01:25:52 PM	12245	11/15/2010	02/15/2012			4	
MSF	133	41351	210002	05/17/2010	5	2	05/03/2010	0								1	DOXYCYCLINE, METRONIDAZOLE	0		0		1	0	0	0	0	0	0	0	0	0	0	1		1	2		1		2	1	0		0	0	0	1	0					117	5	3	4.76	0	1	0	0	0	1													1									0	0	0	02/15/2012 01:23:58 PM	12243	11/15/2010	02/15/2012		3		
MSF	134	41351	210002	05/25/2010	5	2	05/25/2010	0								0		1	YEAST GUARD	1	SYNTHYROID 112 MCG	0	0	1	0	0	0	0	0	0	0	0	1	1	1	2		2		1	1	0		0	0	0	1	0					171	5	5	4.4	0	0	0	1	0											1			1									0	0	0	03/09/2012 09:08:13 AM	13440	11/15/2010	03/09/2012			4	
MSF	134	41351	210002	06/29/2010	5	3	06/25/2010	0								1	2-PACK FOR URI	1	FLUCONAZOLE	1	SYNTHYROID	1	0	0	0	0	0	0	0	0	0	0	1		1	4		1		1	1	0		0	0	0	1	0					170			4.7	0	0	0	0	0	1													1									0	0	0	03/09/2012 09:09:24 AM	13443	11/15/2010	03/09/2012			4	
MLM	134	41351	210002	04/21/2010	5	1	04/02/2010	0								0		0		1	SYNTHROID	1	0	0	0	0	0	0	0	0	0	0	0								0	0		0	0	0		0					170	5	5	4.4	0		0	0	0	1													1								0	1	1	1	03/09/2012 09:05:46 AM	13437	11/15/2010	03/09/2012				
MLM	135	41351	210002	04/15/2010	5	1	03/30/2010	0								0		0		1	NOT SPECIFIED	1	0	0	0	0	0	0	0	0	0	0	1		1	2		1		2	1	0		0	0	0		0	3	55	55	55	124	5	5	5.5	1	1	1	0	0		1												1								0	1	1	1	02/23/2011 09:08:38 AM	40711	11/15/2010	02/23/2011		3		
MSF	135	41351	210002	05/14/2010	5	2	05/03/2010	1	1							0		0		1	CELEXA, KLONIPIN	1	0	0	0	0	0	0	0	0	0	0	1		1	2		1		2	1	0		0	0	0	1	0	2	55	55	55	118	5	5	5.8	1	1	1	0	0			1												1								0	0	0	02/23/2011 09:09:38 AM	40713	11/15/2010	02/23/2011			4	
MSF	135	41351	210002	06/29/2010	5	3	05/31/2010	0								1	METRONIDAZOLE	0		1	CELEXA	1	0	0	0	0	0	0	0	0	0	0	1	1	1	2		2		2	0	0		0	0	0	1	0		55	55	55	118			4	0	0	0	0	0	1													1									0	0	0	02/23/2011 09:11:24 AM	40715	11/15/2010	02/23/2011			4	