PID	RDATE	Q1	Q3A	Q3B	Q3C	Q3D	Q3E	Q3F_SP	Q3F	Q4	Q4_SP	Q5	Q5_SP	Q6	Q6_SP	Q11D	Q11E	Q11F	Q11G	Q11H	Q12A	Q12B	Q12C	Q12D	Q12E	Q12F	Q12G	Q12H	Q12I	Q12J	Q12K	Q12L_SP	Q12L	Q13A	Q13B	Q13C	Q13D	Q13E	Q13F	Q13G	Q13G_SP
1	09/17/2009	1								0		0		0		0	0	0	0	0	1													1							
1	10/21/2009	2								1	PENICILLIN - STREP THROAT	0		0		0	1	0	0	0	1													1							
1	11/19/2009	3								0		0		0		0	0	0	0	0	1													1							
2	10/20/2009	2								0		0		1	VYTORIN, METFORMIN, ASA, OMEGA3	0	0	0	0	0	1													1							
2	12/01/2009	3								0		0		1	GLUCOPHAGE VYTORIN	0	1	0	0	0	1													1							
2	09/18/2009	1								0		0		1	VYTORIN, METFORMIN, OMEGA 3, A	0	0	0	0	0	1													1							
3	11/16/2009	4					1			0		0		1	YAZ	1		1	0	0			1												1						
3	11/23/2009	3								1	METRONIDAZOLE	0		1	YAZ	0	0	0	0	0	1													1							
3	09/18/2009	1								0		0		1	BIRTH CONTROL PILLS AND ZOLOFT	0		0	0	0	1													1							
3	09/25/2009	4	1				1			0		0		1	YAZ	1		1	0	0			1												1						
3	10/21/2009	2								1	METRONIAZOLE	0		1	YAZ	0	0	0	0	0	1													1							
4	09/21/2009	1								0		0		0		0	0	0	0	0	1													1							
4	10/19/2009	2		1						0		0		1	CYMBALTA	0	0	0	0	0	1													1							
5	09/22/2009	1								0		0		0		0	1	0	0	0	1													1							
5	09/29/2009	4	1				1			0		0		0		1		1	0	0			1												1						
5	10/26/2009	2	1							1	METRONIDAZOLE	0		0		0	0	1	0	0	1													1							
5	11/10/2009	4						CIODYSURIA SURGERY	1	0		0		0																		UTI	1							1	BACTRM DBT PO BIO XTHREE DAYS
5	12/01/2009	3	1	1		1	1			1	BACTRIM DS	0		0		1	1	1	0	0			1												1						
6	10/05/2009	1								0		0		0	ESTROGEN	0	1	0	0	0	1													1							
6	11/04/2009	2								1	CEPHALEXIN	1	FLUCONAZOLE-PROPHLAXIS FOR YEA	1	ESTROGEN	1	1	1	0	0		1												1							
6	12/14/2009	3	1							0		0		1	ESTROGEN 1MG	1	1	1	0	0			1												1						
7	09/28/2009	1	1							0		0		0	DEPO PROVERA INJECTION	0	0	0	0	0	1													1							
7	10/28/2009	2	1							0		0		1	DEPO PROVERA SHOT	0	0	0	0	0	1													1							
7	12/07/2009	3	1							0		0		1	DEPO PROVERA	0	0	0	0	0	1													1							
8	09/28/2009	1								0		0		0		1	1	1	0	0		1												1							
8	10/29/2009	2		1	1					0		1	USED OTC ANTIFUNGAL	0		1	1	1	0	0		1												1							
8	11/30/2009	3								0		0		0		1	1	1	0	0		1												1							
9	10/13/2009	1								0		0		0		0	0	0	0	0	1													1							
9	11/16/2009	2			1		1			0		0		0		0	0	0	0	0	1													1							
9	12/22/2009	3			1					0		0		0		0	1	0	0	0	1													1							
10	10/06/2009	1								0		0		0		1	1	1	0	0		1												1							
10	11/03/2009	2								1	ZITHROMAX, SWINE FLU SHOT	0		0		0	0	0	0	0	1													1							
10	12/09/2009	3								0		0		0		0	1	0	0	0	1													1							
11	11/20/2009	2								0		0		1	AVIANE	0	0	0	0	0	1													1							
11	12/21/2009	3								0		0		1	OXYPROZINE, AVIANE	0	1	0	0	0	1													1							
11	10/19/2009	1								0		0		1	AVIANE, MOBIC, FESO4	0	0	0	0	0	1													1							
12	10/23/2009	1								0		0		1	PRENATAL VITAMINS	0	0	0	0	0	1													1							
12	11/30/2009	2								0		1	FLUCONAZOLE 150 MG PO	1	PRENATAL VITAMINS	0	0	0	0	0	1	1		1	1		1	1	1				1	1	1		1	1			
12	12/29/2009	3								0		1	CLOTRIMAZOLE	1	APRIA	0	0	0	0	0	1													1							
13	10/01/2009	1								0		0		1	FLOVENT TI PUFFS/BID	1	1	1	0	0		1												1							
13	10/29/2009	2								0		0		1	FLOVENT, ALBUTEROL MDI	0	1	0	0	0	1													1							
13	12/09/2009	3								1	STATES SHE TOOK A 2-PACK AND S	0		1	FLOVENT, ALBUTEROL	0	1	0	0	0	1													1							
14	10/02/2009	1								0		0		1	ISOTRETINOIN, IBUPROFEN, NASONEX, YAZ, ALDACTONE, VIT E	0	1	0	0	0	1													1							
14	12/04/2009	3	1							0		1	FLUCONAZOLE	1	ISOTRETINOIN, NASONEX, YAZ, ALDACETONE, VIT E	0	0	0	0	0	1													1							
14	11/03/2009	2	1	1	1					0		0		1	ISOTRETINOIN, NASONEX, YAZ, ALDACTONE, VITAMIN E	0	0	0	0	0	1													1							
15	10/05/2009	1								0		0		0		0	0	0	0	0	1													1							
15	11/06/2009	2	1							0		0		0		1	1	1	0	0			1												1						
15	12/11/2009	3								1	METRONIDAZOLE	0		0		1	0	1	0	0			1													1					
16	12/11/2009	3								0		0		1	PREVACID	0	1	0	0	0	1													1							
16	10/07/2009	1								0		0		1	PREVACID	0	1	0	0	0	1													1							
16	11/13/2009	2	1							1	BACTRIM DS	0		1	PREVACID	0	1	0	0	0	1													1							
17	10/07/2009	1								0		0		1	SYNTHROID	1	1	1	0	0		1			1									1							
17	11/13/2009	2	1				1			0		0		1	SYNTHYROID, ADDERAL, CELEXA	1	0	1	0	0			1													1					
17	12/11/2009	3								1	METROGEL VAGINAL	0		1	SYNTHYROID, ADDERAL, CELEXA	0	0	0	0	0	1													1							
18	11/06/2009	2								0		0		0		0	0	0	0	0	1													1							
18	10/08/2009	1								0		0		1	APRI OCPS	0	1	0	0	0	1													1							
18	12/16/2009	3	1							1	DOXYCYCLINE, AZITHROMYCIN	0		1	TRIGEST	0	1	0	0	0	1													1							
19	10/12/2009	1								0		0		1	LISINOPRIL 12.5MG PO QD. LOESTRIN	0	1	0	0	0	1													1							
19	11/11/2009	2								0		0		1	LOESTRIN LISINOPRIL	0	0	0	0	0	1													1							
19	12/14/2009	3								0		0		1	LISINOPRIL LOESTRIN	0	0	0	0	0	1													1							
20	10/13/2009	1								0		0		0		0	1	0	0	0	1													1							
20	11/16/2009	2								0		0		0		0	0	0	0	0	1													1							
20	12/22/2009	3								0		0		1	TYLENOL PRN FOR ANKLE PAIN	0	1	0	0	0	1													1							
21	11/11/2009	2								0		0		0		1	1	1	0	0		1												1							
21	12/16/2009	3	1							0		0		0		0	1	0	0	0	1													1							
21	10/14/2009	1								0		0		0		1	0	1	0	0		1												1							
22	10/14/2009	1								0		0		0		1	1	1	0	0		1												1							
22	11/11/2009	2								0		0		0		1	1	1	0	0		1												1							
22	12/18/2009	3								0		0		0		0	1	1	0	0		1												1							
23	10/15/2009	1								0		0		0		0	0	1	0	0	1													1							
23	11/12/2009	2								1	ZITHROMAX	0		0		0	1	1	0	0		1												1							
23	12/23/2009	3								1	2-PACK FOR A COLD	0		0		0	1	1	0	0		1												1							
24	10/15/2009	1								0		0		0		0	1	0	0	0	1													1							
24	11/13/2009	2								0		0		0		0	0	0	0	0	1													1							
24	12/23/2009	3								0		0		0		0	1	0	0	0	1													1							
25	10/27/2009	1								0		0		0		0	0	0	0	0	1													1							
25	12/31/2009	3								0		0		0		0	0	0	0	0	1													1							
25	11/24/2009	2								0		0		0		0	0	0	0	0	1													1							
26	10/28/2009	1								0		0		0	DEPO PROVERA SHOT	0	0	0	0	0	1													1							
26	12/07/2009	2	1				1			0		0		1	DEPO SHOT	1	1	1	0	0			1												1						
26	01/05/2010	3								1	METRONIDAZOLE	0		0		0	1	0	0	0	1													1							
27	12/02/2009	2								0		0		0		1	0	1	0	0		1												1							
27	12/30/2009	3								1	MACROBID	0		1	MACROBID	0	0	1	0	0	1													1							
27	10/28/2009	1								0		0		0		1	1	1	0	0		1												1							
28	10/23/2009	1								0		0		0		0	0	0	0	0	1													1							
28	11/24/2009	2								0		0		0		0	0	0	0	0	1													1							
28	12/30/2009	3								0		0		0		0	0	0	0	0	1													1							
29	10/26/2009	1								0		0		1	BIRTH CONTROL PILLS (AVIANE)	0	0	0	1	0											1			1							
29	11/23/2009	2								0		0		1	AVIANE	0	0	0	0	0	1													1							
29	12/28/2009	3								0		0		1	AVIANE	0	0	0	0	0	1													1							
30	12/01/2009	2								1	AMOXICILLIN X10 DAYS	0		1	AMOXICILLIN, ALBUTEROL MDI PRN	0	1	0	0	0	1													1							
30	10/28/2009	1								0		0		0		0		0	0	0	1													1							
30	01/08/2010	3								0		0		0		0	0	0	0	0	1													1							
31	10/29/2009	1								0		0		0		0		0	0	0	1													1							
31	12/03/2009	2								0		1	FLUCONAZOLE 150 MG POXL	0		0	0	0	0	0	1													1							
31	01/06/2010	3								0		0		0		0	0	0	0	0	1													1							
32	10/30/2009	1								0		0		0		0	0	0	0	0	1													1							
32	12/04/2009	2								0		0		0		0	1	0	0	0	1													1							
33	11/02/2009	1								0		0		0		0	1	0	0	0	1													1							
33	12/01/2009	2								0		0		0		0	0	0	0	0	1													1							
34	10/29/2009	1								0		0		0		0	0	0	0	0	1													1							
34	11/30/2009	2	1							0		0		0		0	0	0	0	0	1													1							
34	12/23/2009	4		1		1				0		0		0		0	1	0	0	0	1													1							
34	01/05/2010	3								0		0		0		0	1	0	0	0	1													1							
35	11/30/2009	2	1		1					0		0		0		0	0	0	0	0	1													1							
35	10/30/2009	1								0		0		0		1	1	1	0	0		1												1							
35	01/07/2010	3	1		1					0		0		1		1	1	1	0	0		1													1						
36	12/30/2009	4	1	1						0		0		1	NO CHANGES	0		0	1	0											1								1		
36	01/05/2010	3		1						0		1	FLUCONAZOLE	1	FENTANYL, MSO, CYMBALTA, BACLO	0	0	0	0	0	1													1							
36	12/04/2009	2								0		0		1	FENTANYL, MORPHINE, CYMBALTA, 	0	0	0	0	0	1													1							
36	10/30/2009	1								0		0		1	FENTAYL PATCH, ORTHO EVRA, BUE	0	0	0	0	0	1													1							
37	12/01/2009	2								0		0		0		0	0	0	0	0	1													1							
37	11/03/2009	1								0		0		0		0	0	0	0	0	1													1							
37	01/12/2010	3								0		0		0		0	0	0	0	0	1													1							
38	01/11/2010	3								1	AUGMEATIN- STREP THROAT	0		0		0	1	0	0	0	1													1							
38	11/06/2009	1								0		0		0		0	0	0	0	0	1													1							
38	12/10/2009	2								1	AMOXICILLIN	0		0		0	0	0	0	0	1													1							
39	11/06/2009	1								0		0		0		0	0	0	0	0	1													1							
39	12/04/2009	2								0		0		0		0	0	0	0	0	1											I		1							
39	01/08/2010	3								0		0		1	YAZ	0	0	0	0	0	1													1							
40	11/10/2009	1								0		0		1	PAINKILLERS - WISDOM TEETH OUT	0	0	0	0	0	1													1							
40	12/08/2009	2								0		1	FLUCONAZOLE 150MG	1	APRI	0	0	0	0	0	1													1							
40	01/15/2010	3								1	METRONIDOZOLE	1	TERAZOL	0		0	0	0	0	0	1													1							
40	12/01/2009	4		1	1					0		0		0		0		0	1	0											1								1		
41	11/09/2009	1								0		0		0		0	1	0	0	0	1													1							
41	12/16/2009	2								1	BACTRIM PO BID X7 DAYS	0		1	COUMADIN 5MG OR 7.5MG	0	1	0	0	0	1													1							
41	01/15/2010	3								0		0		1	COUMADIN	0	0	0	0	0	1													1							
42	11/09/2009	1								0		0		0		0	1	0	0	0	1													1							
42	12/07/2009	2								0		0		0		0	1	0	0	0											1								1		
42	12/28/2009	4						RASH	1	0		0		0																		FOLLICULITIS	1	1							
42	01/11/2010	3			1					0		0		0		0	1	0	1	0											1								1		
43	01/07/2010	4	1	1	1					0		0		0		0	0	0	1	0											1								1		
43	01/13/2010	3								0		1	FLUCONAZOLE	0		0	0	0	0	0	1											I		1							
43	12/11/2009	4								0		0		0							1													1							
43	11/05/2009	1								0		0		0		0	1	0	0	0	1													1							
43	12/03/2009	2								0		0		0		0	0	0	0	0	1													1							
44	12/12/2009	2								0		0		1	SPRINTEC	0	0	0	0	0	1											I		1							
44	01/20/2010	3								1	CEFIXIME	0		1	SPRINTEC	0	0	0	0	0	1													1							
44	11/12/2009	1								0		0		1	BIRTH CONTROL PILLS: SPRINTEC	0	0	0	0	0	1													1							
45	11/05/2009	1								0		0		0		1	1	1	0	0		1												1							
45	12/03/2009	2								0		0		0		1	0	1	0	0		1										I		1							
45	01/13/2010	3								0		0		0		1	1	1	0	0		1													1						
46	12/18/2009	2								0		0		0		0		0	0	0	1													1							
46	01/26/2010	3								0		0		0		0	0	0	0	0	1													1							
46	11/19/2009	1								0		0		0		0	0	0	0	0	1													1							
47	12/16/2009	1								0		0		1	SYNTHROID 112 MCG, ADVIL 600 MG	0	1	0	0	0	1													1							
47	01/13/2010	2								0		0		1	SYNTHROID QD	0	1	0	0	0	1													1							
47	02/17/2010	3								1	OMNICEF - STREP	0		1	SYNTHROID, PROZAC 20MG	0	0	0	1	0											1	I		1							
48	12/21/2009	1								0		0		0		0	1	0	0	0	1													1							
48	01/19/2010	2								0		0		0		0	1	0	0	0	1													1							
48	02/24/2010	3								0		0		1	FESO4, ESTRIN	0	0	0	0	0	1													1							
49	12/23/2009	1								0		0		0		0	0	0	0	0	1													1							
49	03/02/2010	3								0		0		0		0	0	0	0	0	1													1							
49	01/25/2010	2								0		0		0		0	0	0	0	0	1											I		1							
50	12/23/2009	1								0		0		0		1	1	1	0	0		1												1							
50	01/21/2010	2								0		0		0		1	1	1	0	0		1													1						
50	03/01/2010	3								0		0		0		1	1	1	0	0		1												1							
51	01/27/2010	2								0		0		0		0	0	0	0	0	1													1							
51	12/28/2009	1								0		0		0		0	1	0	0	0	1													1							
51	03/03/2010	3								0		0		0		0	0	0	0	0	1													1							
52	12/22/2009	1								0		0		0		0	1	0	0	0	1													1							
52	01/21/2010	2								0		0		0		0	0	0	0	0	1													1							
52	02/23/2010	3	1							0		0		0							1													1							
53	02/01/2010	2	1				1			0		0		0		1	1	1	0	0			1												1						
53	03/04/2010	3	1	1			1			1	METRONIDAZOLE	0		1	LOVENOX	0	0	1	1	0											1								1		
54	01/04/2010	1	1							0		0		1	ADVAIR, STEROID NASAL SPRAY, ALBUTEROL INHALER 	0	1	0	0	0	1													1							
54	02/02/2010	2	1							1	CIPRO FOR UTI	1		1	ADVAIR, NASAL STEROID SPRAY, ALBUTEROL MDI, TRIAMCINILANE CREAM	0	0	0	0	0	1													1							
54	03/09/2010	3								1		0		1	ADVAIR, SINGULAIR	0	1	0	0	0	1													1							
55	01/26/2010	2	1							1	DOXYCYCLINE	0		0		0	1	0	0	0	1													1							
55	12/28/2009	1								0		0		0		1	1	1	0	0		1													1						
55	03/01/2010	3	1							0		0		0		1	1	1	0	0			1												1						
56	01/27/2010	2								0		0		0			1	1	0	0		1												1							
56	12/30/2009	1								0		0		0		1	1	1	1	0		1									1			1							
56	03/09/2010	3		1	1					1	BACTRIM, "ANTIBIOTIC SHOT"	1	OTC MICONAZOLE 1 DAY TX	1	CLARINEX, SINGULAIR	1	0	1	0	0		1												1							
57	12/31/2009	1								0		0		0		1	1	1	0	0		1												1							
57	02/03/2010	2								0		0		1	ORTHOTRICYCLEN LO	0	1	1	1	0		1									1			1							
57	03/10/2010	3								0		0		1	ORTHOTRICYCLEN	1	0	1	0	0		1												1							
58	02/03/2010	2	1							0		0		1	ORTHO TRICYCLEN LO	0	0	0	0	0	1													1							
58	12/31/2009	1								0		0		1	ORTHOTRICYCLINE LO	0	0	0	0	0	1													1							
58	03/10/2010	3			1					0		0		1	ORTHO TRICYCLEN LO	0	0	0	0	0	1													1							
59	03/10/2010	3								0		0		1	HCT2, ENALAPRIL, ELAVIL	0	0	0	0	0	1													1							
59	12/31/2009	1								0		0		1	ENALAPRIL, HCT2, FESO4	0	1	0	0	0	1													1							
59	02/01/2010	2								0		0		1	HCT2, ENALAPRIL, FESO4, IBUPROFEN, ELAVIL	0	1	0	0	0	1													1							
60	03/08/2010	3								0		0		1		0	0	0	0	0	1													1							
60	01/04/2010	1								0		0		0		1	1	1	0	0		1													1						
60	02/04/2010	2								0		0		0		1	0	1	0	0		1				1		1		1	1			1							
61	01/06/2010	1								0		0		1	HCTZ	0	0	1	0	0	1													1							
61	03/10/2010	3								0		0		1	HCTZ	0	0	0	0	0	1													1							
61	02/05/2010	2								1	2-PACK FOR URI	0		1	HCTZ	1	0	1	0	0		1												1							
62	03/12/2010	3		1						0		0		0		0	0	0	0	0	1													1							
62	01/08/2010	1	1							0		0		0		0	1	0	0	0	1													1							
62	02/05/2010	2	1							0		1	MONISTAT 3D TX	1	MVI	0	1	0	0	0	1													1							
63	01/08/2010	1								0		0		0		0	1	1	0	0		1												1							
63	02/05/2010	2								1	DOXYCYCLINE	0		0		1	1	1	0	0		1												1							
63	03/26/2010	3								0		0		0		0	0	1	0	0		1												1							
64	01/15/2010	1								0		0		1	NORVASC, KCL, LASIX	1	1	1	0	0		1												1							
64	02/18/2010	2								0		0			NORVAS, KCL, LASIX	1	0	1	0	0		1												1							
64	03/24/2010	3								0		0		1	NORVAS, LASIX, KCL	1	0	1	0	0		1												1							
65	01/15/2010	1								0		0		0		0	0	0	0	0	1													1							
65	02/18/2010	2		1						1	METRONIDAZOLE	0		1	CELEXA	0	0	0	1	0											1								1		
65	03/25/2010	3								0		0		1	CITALOPRAM 20 MG, LOESTRIN FE	0	0	0	0	0	1													1							
66	03/26/2010	3								0		0		0		0	0	0	0	0	1													1							
66	01/19/2010	1								0		0		0		1	0	1	0	0		1												1							
66	02/24/2010	2								0		0		0		1	1	1	0	0		1												1							
67	01/15/2010	1								0		0		0		0	0	0	0	0	1													1							
68	01/22/2010	1								0		0		1	ORAL CONTRACEPTIVE AGENT	0	1	0	0	0	1													1							
68	02/24/2010	2								0		0		1	ORTHO CYCLEN	0	0	0	0	0	1													1							
68	04/01/2010	3								0		0		1	ORTHO CYCLEN	1	0	1	0	0		1												1							
69	01/15/2010	1								0		0		0		0	0	0	0	0	1													1							
69	02/18/2010	2								1	AMOXICILLIN FOR SINUS INFEC.	0		0		1	0	1	0	0		1												1							
69	03/25/2010	3								0		0		1	OCP  UNSURE NAME	0	0	1	0	0	1													1							
70	01/06/2010	1								0		0		0		0		0	0	0	1													1							
70	02/04/2010	2								0		0		0		0	0	0	0	0	1													1							
70	03/11/2010	3								1	AMOXICILLIN - TOOTH PULLED	0		0		0	1	0	0	0	1													1							
71	01/13/2010	1								0		0		0		1	1	1	0	0		1												1							
71	02/17/2010	2								0		0		0		1	1	1	0	0		1												1							
71	03/23/2010	3								0		0		0		0	1	1	0	0		1												1							
72	01/14/2010	1	1							0		0		0		0	1	0	0	0	1													1							
73	02/19/2010	2								0		0		0		0	0	0	0	0	1													1							
73	01/14/2010	1								0		0		0		0	0	0	0	0	1													1							
73	03/26/2010	3								0		0		1	IBUPROFEN	0	0	0	0	0	1													1							
74	01/12/2010	1								0		0		1	ALBUTEROL INHALER FOR ASTHMA	0	1	0	0	0	1													1							
75	03/24/2010	3								1	2 PACK FOR SINUS INFECTION	0		0		0	0	0	1	0											1			1							
75	01/19/2010	1								0		0		0		0	0	0	0	0	1													1							
75	02/23/2010	2								0		0		0		0	0	0	0	0	1											I		1							
76	01/20/2010	1								0		0		1	HCTZ, ALBUTEROL MDI PRN	0	0	1	0	0	1													1							
76	02/17/2010	2								0		0		0		1	1	1	0	0		1												1							
76	03/25/2010	3								0		0		1	DIAZIDE, DITROPAN	1	1	1	0	0		1										I		1							
77	01/20/2010	1								0		0		0		0	1	1	0	0		1												1							
77	02/17/2010	2								0		0		0		1	1	1	0	0		1												1							
77	03/25/2010	3								0		0		0		0	0	0	0	0	1													1							
78	01/20/2010	1								0		0		0		0		0	0	0	1													1							
78	02/22/2010	2								0		0		0		0	0	0	0	0	1													1							
78	04/08/2010	3								0		0		0		0	0	0	0	0	1													1							
79	01/21/2010	1								0		0		0		1		1	0	0		1												1							
79	02/18/2010	2								1	TETROCYCLINE	0		0		1	1	1	0	0		1										I		1							
79	03/31/2010	3	1							1	TETRACYCLINE FOR ACNE	0		1	TETRACYCLINE	1	1	1	0	0		1										I		1							
80	01/29/2010	1								0		0		0		0	1	1	0	0		1												1							
80	02/19/2010	4		1						0		0		0		0	0	0	1	0											1								1		
81	01/26/2010	1								0		0		0		0	0	0	0	0	1													1							
81	04/06/2010	3								0		0		1	VITAMIN C, D, FESO4	0	0	0	0	0	1													1							
81	02/24/2010	2								0		0		1	TRIN SPRINTEC FESO4 VIT C, D, B100	0	0	0	0	0	1													1							
82	01/22/2010	1								0		0		0		1	1	1	0	0		1												1							
82	02/19/2010	2								0		0		0		1	1	1	0	0		1												1							
83	01/28/2010	1								0		0		1	BIRTH CONTROL PILLS	0	0	0	0	0	1													1							
83	03/03/2010	2								0		0		1	YASMIN	0	0	0	0	0	1													1							
83	04/07/2010	3								0		0		1	YASMIN	0	0	0	0	0	1													1							
84	01/26/2010	1						GENITAL WARTS	1	0		0		1	TCA APPLIED TO GENITAL WARTS	1	1	1	0	0		1								1										1	TCA APPLIED TO GENITAL WARTS
85	01/28/2010	1								0		0		1	NEXIUM, SYNTHROID, PRISTIQ, ALBUTEROL MDL PRN	0	0	0	0	0	1													1							
85	02/26/2010	2								0		0		1	SYNTHROID, NEXIUM, PRISTA, ZYRTEC	0	1	0	0	0	1													1							
85	04/01/2010	3								0		0		1	SYNTHYROID, NEXIUM, PRISTEC, ZYRTEC	0	1	0	0	0	1													1							
86	03/08/2010	2								0		0		0		0	0	0	0	0	1													1							
86	02/02/2010	1								0		0		0		0	0	0	0	0	1													1							
86	04/12/2010	3								0		0		0		0	0	0	0	0	1													1							
87	02/03/2010	1								0		0		1	BIRTH CONTROL PILL (DESOGEN)	0	0	0	0	0	1													1							
87	03/05/2010	2								0		0		1	PNV, DESOGEN	0	1	0	0	0	1													1							
87	04/13/2010	3								0		0		1	DESOGEN, DNV, IBUPROFEN	0	0	0	0	0	1													1							
88	03/09/2010	2								1	DOXYCYCLINE	0		0		0	0	0	0	0	1													1							
88	04/13/2010	3								0		0		0		0	0	0	0	0	1													1							
88	02/08/2010	1	1							0		0		0		0	0	0	0	0	1													1							
89	02/16/2010	1								0		0		1	ON 7/7/7,	0	0	0	0	0	1													1							
89	03/23/2010	2								0		0		1	ON 777		1	0	0	0	1													1							
89	04/26/2010	3								0		0		1	ON 777	0	0	0	0	0	1													1							
90	02/01/2010	1								0		0		0		0	1	0	0	0	1													1							
90	03/03/2010	2								0		0		0		0	0	0	0	0	1													1							
90	04/05/2010	3								0		0		0		0	0	0	0	0	1													1							
91	02/01/2010	1								0		0		0		1	1	1	0	0		1												1							
91	03/10/2010	2								0		0		0		1	1	1	0	0		1												1							
91	04/05/2010	3								0		0		1	ANTABUSE	1	1	1	0	0		1												1							
92	01/29/2010	1								0		0		0		0	0	0	0	0	1													1							
92	03/04/2010	2								0		0		1	SEASONALE, PROZAC, PRILOSEC, TYLENOL SINUS, ZYRTEC	0	0	0	0	0	1													1							
92	04/08/2010	3								0		0		1	GENERIC SEASONALE, PROZAC, PRILOSEC, ZYRTEC D	0	0	0	0	0	1													1							
93	03/01/2010	2								0		0		0		0	0	0	0	0	1													1							
93	02/01/2010	1								0		0		0		0	1	0	0	0	1													1							
93	04/07/2010	3	1			1				0		0		1		0	0	0	0	0	1													1							
94	02/04/2010	1								0		0		0		0	0	0	0	0	1													1							
94	03/04/2010	2								0		0		0		0	0	0	0	0	1													1							
94	04/08/2010	3								0		0		0		0	0	0	0	0	1													1							
95	02/04/2010	1								0		0		1	BIRTH CONTROL PILL	0	1	0	0	0	1													1							
95	03/10/2010	2								0		0		1	ORTHOTRICYCLEN	0	0	0	0	0	1													1							
95	04/14/2010	3								0		0		1	CLARITIN, ORTHO TRIGLYCERIN	0	0	0	0	0	1													1							
96	02/09/2010	1								0		0		0		0	1	0	0	0	1													1							
96	03/16/2010	2								0		0		0		0	1	0	0	0	1													1							
96	04/19/2010	3								0		0		1	CLARATIN D	0	0	0	0	0	1													1							
97	02/08/2010	1								0		0		0		0	0	0	0	0	1													1							
97	03/12/2010	2								0		0		1	ALLESE	0	0	0	0	0	1													1							
97	04/15/2010	3								0		0		1	ALLESE	0	0	0	0	0	1													1							
98	02/09/2010	1								0		0		1	DEPO PROVERA FOR BC	0	1	0	0	0	1													1							
99	02/10/2010	1								0		0		1	BIRTH CONTROL PILLS	0	0	0	0	0	1													1							
99	03/22/2010	2		1	1	1				0		0		1	MONONESSA, ZYRTEC PRN	0	0	0	0	0	1													1							
99	04/20/2010	3								0		0		1	YAZ, ZYRTEC, GUMMY VITAMINS	0	0	0	0	0	1													1							
100	04/21/2010	3								0		0		0		0	0	0	0	0	1													1							
100	02/17/2010	1								0		0		0		0	0	0	0	0	1													1							
100	03/26/2010	2								0		0		1	MVI	0	0	0	0	0	1													1							
101	03/23/2010	2								1	DOXYCYCLINE	0		0		0	1	1	0	0		1												1							
101	04/21/2010	3								0		0		0		1	1	1	0	0		1												1							
101	02/11/2010	1								0		0		0		1	1	1	0	0		1												1							
102	02/18/2010	1								0		0		0		0	0	0	0	0												CERVICAL POLYP	1	1							
102	03/25/2010	2								0		0		1	QUETAPINE FUMARATE	0	0	0	0	0	1													1							
102	04/22/2010	3								0		0		1	SEROQUET	0	0	0	0	0	1													1							
103	02/18/2010	1								0		0		1	MVI, B6, CA+, VITAMIN C, MELATONIN, LYRICA, AMBIEN 	0	1	0	0	0	1													1							
103	03/24/2010	2								1	7 DAYS UNSURE NAME - SINUS INF	0		1	MVI, VIT B6, C, CA & VIT D, AMBIEN	0	0	0	0	0	1													1							
103	04/21/2010	3								0		0		1	AEVBAL SUPPLEMENTS, VITAMINS	0	1	0	0	0	1													1							
104	04/29/2010	3								0		0		1	MICARDIS, VESICARE, CELEXA, ESTROVEN B6	0	0	0	0	0	1													1							
104	02/19/2010	1								0		0		1	MICARDIS, HCT, VESICARE, CELEXA, OTC ESTRAVAN	0	1	0	0	0	1													1							
104	03/31/2010	2								0		0			MICARDIS, VESICARE, CELEXA, ESTRAVEN	0	0	0	0	0	1													1							
105	03/24/2010	2								0		0		0		1	0	1	1	0		1									1			1							
105	04/26/2010	3								0		0		0		0	0	1	0	0	1													1							
105	02/22/2010	1								0		0		0		1	1	1	1	0		1									1			1							
106	03/25/2010	2								0		0		1	SPRINTEC	0	0	0	0	0	1													1							
106	05/03/2010	3								0		0		1	SPRINTEC	0	1	0	0	0	1													1							
106	02/23/2010	1								0		0		1	SPRINTEC	0	0	0	0	0	1													1							
107	05/03/2010	3								0		0		1	FLEXERIL, TRAMADONE, GLUCOPHAGE	1	0	1	0	0		1												1							
107	03/01/2010	1								0		0		1	GLUCOPHAGE FLEXERIL, TRAMADONE	1	0	1	0	0		1												1							
107	03/29/2010	2								0		0		1	GLUCOPHAGE, FLEXERIL, TRAMADONE	1	1	1	0	0		1												1							
108	02/12/2010	1								0		0		0		1	1	1	0	0		1												1							
108	03/16/2010	2								0		0		0		1	1	1	0	0		1												1							
108	04/22/2010	3								0		0		1	TRINESSA	1	1	1	0	0		1												1							
109	02/15/2010	1								0		0		0		0		0	0	0	1													1							
109	03/23/2010	2								0		0		0		0	0	0	0	0	1													1							
109	04/20/2010	3								0		0		0		0	0	0	0	0	1													1							
110	02/17/2010	1								0		0		0		0	1	0	0	0	1													1							
110	03/23/2010	2								0		0		1	ALLESE	0	0	0	0	0	1													1							
110	04/27/2010	3								0		0		1	AVIANE	0	0	0	0	0	1													1							
111	02/16/2010	1								0		0		0		1	1	1	0	0		1												1							
112	02/23/2010	1								0		0		0		1	1	1	0	0		1												1							
112	03/24/2010	2								0		0		1	ORTHOTRICYCLIN	1	0	1	0	0		1												1							
112	04/28/2010	3			1		1			0		0		1	ORTHOTRICYCLIN	1	0	1	0	0			1												1						
113	05/03/2010	3								0		0		0		0	1	0	0	0	1													1							
113	02/23/2010	1								0		0		0		0	1	0	0	0	1													1							
113	03/29/2010	2								0		0		0		0	0	0	0	0	1													1							
114	02/24/2010	1	1	1	1		1			0		0		1	DEPO PROVERA FOR BC 	0	1	0	0	0	1													1							
114	03/24/2010	2								1	SPIDER BITE-3 DAYS ABX-UNSURE 	0		1		0	0	0	0	0	1													1							
114	05/04/2010	3								0		0		0		0	0	0	0	0	1													1							
115	03/03/2010	1								0		0		1	ORTHOTRICYCLINLO	0	0	0	0	0	1													1							
115	03/31/2010	2								0		0		1	ORTHOTRICYCLIN LO	0	0	0	0	0	1													1							
115	05/11/2010	3	1							0		0		1	ORTHOTRYCYCLIN, SUDAFED	0	0	0	0	0	1													1							
116	03/11/2010	1								0		0		1	FESO4	1	0	1	0	0		1												1							
116	04/14/2010	2								0		0		1	FESO4	1	1	1	0	0			1											1							
116	05/19/2010	3								0		0		1	VIT D, FESO4	1	1	1	0	0		1												1							
117	03/02/2010	1								0		0		1	KLONOPIN 0.5 MG PO DAILY	0	0	0	0	0	1													1							
117	04/05/2010	2								0		0		1	CLONIPIN .5MG	0	0	0	0	0	1													1							
117	05/04/2010	3								0		0		1	KLONIPIN	0	0	0	0	0	1													1							
118	03/16/2010	1								0		0		0		0	0	0	0	0	1													1							
118	04/21/2010	2								0		0		0		1	0	1	0	0		1												1							
118	05/24/2010	3	1							0		0		0		1	0	1	0	0			1												1						
119	03/18/2010	1								0		0		1	TOPAMAX FOR MIGRAINES	0	0	0	0	0	1													1							
119	04/15/2010	2								1	AMOXICILLIN FOR TOOTH ABCESS	0		1	TOPAMEX LORTAB	0	0	0	0	0	1													1							
119	05/26/2010	3								0		0		1	TOPOMAX	0	0	0	0	0	1													1							
120	03/25/2010	1								0		0		1	BIRTH CONTROL PILLS	1	1	1	0	0		1												1							
120	04/28/2010	2								0		0		1	LO-ESTRIN	0	1	1	0	0		1												1							
120	06/02/2010	3								0		0		0		0	1	1	0	0		1												1							
121	03/25/2010	1								0		0		0		1	0	1	0	0		1												1							
121	06/02/2010	3	1							0		0		0		1	0	1	0	0			1												1						
122	03/15/2010	1								0		0				0	0	0	0	0	1													1							
122	04/15/2010	2								0		0		0		1	0	0	0	0	1													1							
122	05/18/2010	3								0		0		0		0	0	0	0	0	1													1							
123	03/16/2010	1								0		0		0		0	1	0	0	0	1													1							
123	04/19/2010	2								0		0		0		1	1	1	0	0		1												1							
123	05/24/2010	3								0		0		0		0	0	0	0	0	1													1							
124	04/21/2010	2								0		0		0		0	0	0	0	0	1													1							
124	05/27/2010	3								1	ZITHROMAX FOR SINUS INFECTION	0		1	AZURETTE	0	0	0	0	0	1													1							
124	03/22/2010	1								0		0		1	AZUREHE(OCP), ADDERAL PRN	0	0	0	0	0	1													1							
125	03/22/2010	1								0		0		0		0	0	0	0	0	1													1							
125	04/26/2010	2								0		0		1	MVI - CA	0	0	0	0	0	1													1							
125	05/26/2010	3								0		0		1	MVI & CALCIUM	0	0	0	0	0	1													1							
126	03/31/2010	1								0		0		0		0	0	0	0	0	1													1							
126	06/08/2010	3								0		0		0		0	0	0	0	0	1													1							
126	05/04/2010	2								0		0		0		0	0	0	0	0	1													1							
127	04/05/2010	1								0		0		1	B12 PO QOD	0	0	1	0	0	1													1							
127	05/03/2010	2	1							0		0		1	VIT E & B12	1	0	1	0	0			1												1						
127	06/08/2010	3								1	METRONIDAZOLE	0		0		0	0	0	1	0											1			1							
128	04/05/2010	1								0		0		1	LOOGESTROL, FEXOFENIDE	0	0	0	0	0	1													1							
128	05/14/2010	2	1				1			1	METRONIDAZOLE	0		1	LOOGESTROL, MVI, FEXOFENIDINE	1	0	1	0	0			1												1						
128	06/14/2010	3								1	METRONIDAZOLE	0		1	LOOGESTROL	0	0	0	0	0	1													1							
128	4/14/10	4	1				1			0		0		1	LOGESTEROL, FEXOFENIDINE	1		1	0	0			1												1						
129	06/04/2010	3								0		0		0		0	0	0	0	0	1													1							
129	04/29/2010	2								0		0		0		0	0	0	0	0	1													1							
129	03/31/2010	1								0		0		0		0	1	0	0	0	1													1							
130	04/18/2010	1								0		0		0		0	1	0	0	0		1												1							
130	05/12/2010	2	1	1			1			0		0		1	ZOLOFT PHENTERMINE	1	1	1	0	0			1												1						
130	06/16/2010	3		1						1	METRONIDAZOLE	1	MONISTAT 1 DAY	0		0	1	0	0	0	1													1							
131	04/07/2010	1								0		0		0		1	0	1	0	0		1												1							
131	05/11/2010	2								0		0		0		1	1	1	0	0		1												1							
131	06/15/2010	3								0		0		0		0	0	1	1	0											1			1							
132	06/16/2010	3								0		0		0		0	0	0	0	0	1													1							
132	04/08/2010	1								0		0		1	LEXAPRO	0	0	0	0	0	1													1							
132	05/12/2010	2								0		0		1	CHLORAQUIN, LEXAPRO	0	0	0	0	0	1													1							
133	04/19/2010	1								0		0		0		0	1	0	0	0	1													1							
133	06/18/2010	3								0		0		0		0	0	0	0	0	1													1							
133	05/17/2010	2								1	DOXYCYCLINE, METRONIDAZOLE	0		0		0	1	0	0	0	1													1							
134	05/25/2010	2								0		1	YEAST GUARD	1	SYNTHYROID 112 MCG	0	0	0	1	0											1			1							
134	06/29/2010	3								1	2-PACK FOR URI	1	FLUCONAZOLE	1	SYNTHYROID	0	0	0	0	0	1													1							
134	04/21/2010	1								0		0		1	SYNTHROID	0		0	0	0	1													1							
135	04/15/2010	1								0		0		1	NOT SPECIFIED	1	1	1	0	0		1												1							
135	05/14/2010	2	1							0		0		1	CELEXA, KLONIPIN	1	1	1	0	0			1												1						
135	06/29/2010	3								1	METRONIDAZOLE	0		1	CELEXA	0	0	0	0	0	1													1							
